{"max_q": 16000.0, "t_max": 10.0, "css": [{"node_id": 81, "type": 2}, {"node_id": 82, "type": 1}, {"node_id": 83, "type": 1}, {"node_id": 84, "type": 2}, {"node_id": 85, "type": 2}, {"node_id": 86, "type": 0}, {"node_id": 87, "type": 2}, {"node_id": 88, "type": 1}, {"node_id": 89, "type": 2}, {"node_id": 90, "type": 1}, {"node_id": 91, "type": 2}, {"node_id": 92, "type": 0}, {"node_id": 93, "type": 0}], "process_times": [0, 0.5, 0.5, 0.5, 0.5, 0.5, 0.5, 0.5, 0.5, 0.5, 0.5, 0.5, 0.5, 0.5, 0.5, 0.5, 0.5, 0.5, 0.5, 0.5, 0.5, 0.5, 0.5, 0.5, 0.5, 0.5, 0.5, 0.5, 0.5, 0.5, 0.5, 0.5, 0.5, 0.5, 0.5, 0.5, 0.5, 0.5, 0.5, 0.5, 0.5, 0.5, 0.5, 0.5, 0.5, 0.5, 0.5, 0.5, 0.5, 0.5, 0.5, 0.5, 0.5, 0.5, 0.5, 0.5, 0.5, 0.5, 0.5, 0.5, 0.5, 0.5, 0.5, 0.5, 0.5, 0.5, 0.5, 0.5, 0.5, 0.5, 0.5, 0.5, 0.5, 0.5, 0.5, 0.5, 0.5, 0.5, 0.5, 0.5, 0.5, 0, 0, 0, 0, 0, 0, 0, 0, 0, 0, 0, 0, 0], "breakpoints_by_type": {"0": {"time": [0.0, 0.31, 0.39, 0.51], "charge": [0.0, 13600.0, 15200.0, 16000.0]}, "1": {"time": [0.0, 0.62, 0.77, 1.01], "charge": [0.0, 13600.0, 15200.0, 16000.0]}, "2": {"time": [0.0, 1.26, 1.54, 2.04], "charge": [0.0, 13600.0, 15200.0, 16000.0]}}, "energy_matrix": [[0.0, 2636.300082501991, 2187.133540733167, 3065.4363474063525, 4003.521106476147, 4298.263639250156, 4442.381470000072, 7575.55948841404, 8282.446045704131, 7796.237574144338, 7138.8788072777925, 6463.079035954922, 7298.788533893827, 2979.893559340669, 3319.993411138041, 2960.9610981909236, 7226.778760277639, 7624.7849354916225, 6801.713938412876, 8028.107264480214, 7800.012219541711, 8217.655725631244, 3075.686915145949, 2934.4931419241725, 2904.970148297569, 9177.039623429768, 9113.942358414386, 9133.120787140613, 7615.137884503472, 7473.8231724131665, 7097.557898671908, 10135.054421412842, 10199.146486961543, 10229.891021535861, 8412.373048819223, 8799.119718045666, 7999.245276899566, 10955.941881006855, 10479.488074925226, 10979.859189101651, 9520.987671980256, 9933.008261599301, 9430.770945421164, 8931.360216254854, 9323.703076701873, 8481.561803406255, 6489.0159596814065, 7004.174871103663, 6951.4954551161145, 12650.545936836086, 12276.939765267238, 12732.955764471972, 2618.0348068732774, 2898.043790645683, 2690.3444249761023, 9106.02007259483, 8584.023677739944, 9694.729318681362, 8846.858994157192, 8206.712191858564, 8495.915378874723, 8999.05897858215, 9401.818474369731, 8308.158828826035, 11123.008951043777, 11098.985454761169, 10810.781655366092, 13533.799355687228, 12948.934560418475, 13367.727520506243, 1554.727669079058, 1257.7317132441244, 1822.124875660283, 11443.9419017225, 11714.627941701778, 11858.269793692501, 10740.794023255452, 10814.44548971421, 10662.829273931004, 4230.440284414852, 4208.359612129174, 5709.517547481573, 778.2361868353333, 1454.575217202603, 12803.817423916978, 10402.347841953759, 8583.488600941926, 6032.966336098686, 12521.768358043524, 6171.456726332933, 9209.939094532601, 13615.815482371963, 5349.401981763944, 0.0], [2636.300082501991, 0.0, 693.289261419792, 713.4445493519455, 6245.130352922988, 6394.5823016441045, 6516.805678397968, 8979.927703634366, 9674.845767504512, 9059.796234601528, 9373.618564887307, 8751.194561315615, 9416.137162472729, 5045.449682634839, 5219.04954230174, 4888.712765135624, 8222.196520699319, 8529.479120233544, 7715.837000935154, 10384.953207646147, 10223.789965076552, 10647.078531221605, 2066.3743912950526, 2165.2547482917566, 2342.856496352262, 11774.137574574197, 11684.052767019668, 11707.853200416377, 9567.759174697072, 9410.525440298221, 8999.300320024884, 12739.426252779203, 12797.472223548679, 12843.327851943202, 9224.568502781038, 9485.289679946522, 8723.510796978473, 12152.406268924686, 11609.832914926039, 12095.155603071007, 10830.540874074572, 11246.959589151194, 10777.123050703281, 11552.389160364188, 11934.727230335011, 11091.917102106381, 9125.098972066002, 9632.477614819563, 9585.859132727748, 14697.768219188925, 14380.014886118857, 14861.663033624467, 4752.207710633028, 4712.893385437443, 4666.835785626059, 11733.371544978025, 11214.346977198447, 12322.768877671122, 11316.618656316912, 10657.77371804262, 10970.237577190384, 10832.078084328972, 11153.499731026131, 10207.19262334164, 13016.910635784512, 12902.164789290206, 12690.578321140452, 15813.465484358576, 15256.250051208519, 15684.36089110742, 2757.555529812591, 3016.614669211167, 2423.640404948721, 14011.999879567513, 14271.03431123687, 14431.140915568665, 12863.150007871322, 13010.605409626409, 12721.28187330192, 5985.661252109077, 6115.055702935175, 5045.451540744395, 3395.6343755622456, 2759.635675682571, 15203.657660247418, 11994.724361151448, 11214.067128499812, 8339.046052307183, 14388.12145703879, 8762.962184672486, 10600.799792940154, 15897.015148291202, 7899.271426055697, 2636.300082501991], [2187.133540733167, 693.289261419792, 0.0, 879.7602656405893, 5593.876395220043, 5724.907886813551, 5844.465865243803, 9054.368507107494, 9757.520977430693, 9174.243582579438, 9172.171226051114, 8524.616193706319, 9261.86949608447, 4869.149052966031, 5099.086008786281, 4752.479615947869, 8400.718161264547, 8734.01262665105, 7909.861921993329, 9738.370147257701, 9592.19246314418, 10016.054924470014, 2522.950281912032, 2566.8664018604472, 2706.9104274984793, 11212.388934789946, 11103.967829676922, 11130.50488803181, 9474.367558048401, 9321.87489523969, 8920.343673312145, 12182.738044052332, 12235.430430209639, 12295.698752510978, 9457.998020855153, 9751.451574637491, 8974.495285251423, 12302.568964448035, 11775.52579770857, 12267.014777952296, 10943.297749079115, 11360.539159740614, 10879.230498982912, 11110.086984920503, 11507.269509423164, 10665.600076882689, 8630.843310476677, 9110.605084186232, 9080.195912671708, 14584.881405928538, 14244.750019744117, 14716.883268036068, 4100.3875579023015, 4032.614110288759, 3999.2475854840486, 11206.617255554862, 10694.381848662408, 11796.673061185516, 11003.736652269537, 10355.098532848446, 10654.239179781915, 10785.27656692215, 11134.82515578938, 10135.344407073693, 12956.498851927554, 12872.500971062307, 12634.185890867682, 15604.499851805569, 15033.67272575135, 15457.720209089695, 2687.9755393232285, 2832.5786065879975, 2468.5917670809813, 13630.113375353852, 13899.214287595541, 14044.936921360668, 12717.30427901291, 12834.759566310544, 12600.060019698318, 5923.788114458518, 6008.15123394876, 5549.6086573739585, 2902.0588058307844, 2087.935957470918, 14934.061110428067, 12029.67840384771, 10752.303895561176, 7688.410210342579, 14340.620682609942, 8358.59026690506, 10689.302187233741, 15687.419820512232, 7529.835759331011, 2187.133540733167], [3065.4363474063525, 713.4445493519455, 879.7602656405893, 0.0, 6363.554922368471, 6453.762105353744, 6565.198254813025, 9685.897044801786, 10382.175229690549, 9770.46929847794, 9988.744446876193, 9352.300017910035, 10054.288341921572, 5667.948537610411, 5867.018514543823, 5529.110744504942, 8935.641065418866, 9242.368219915283, 8429.137707974642, 10506.284131413922, 10382.931456241056, 10807.02968557966, 2741.9427419258777, 2858.78470682911, 3044.101109112508, 12062.759064575568, 11943.10660224131, 11971.479453789327, 10230.99824064104, 10075.399883503384, 9667.357608209184, 13035.342462896786, 13085.136188152572, 13152.697263774455, 9935.423761093434, 10192.172624740026, 9432.68387045808, 12865.563046365287, 12323.259321806874, 12808.597027485093, 11541.399665985058, 11957.950414891342, 11486.971560206806, 11989.802763702995, 12386.915034119675, 11545.185820288907, 9505.929892703818, 9978.807074244898, 9952.76288587747, 15355.623155704234, 15028.62102789208, 15506.283000771009, 4876.823376953486, 4737.951330744123, 4743.946471557198, 12072.37762673534, 11562.521891871167, 12662.459341000864, 11864.320000004214, 11212.40941992398, 11515.600423990058, 11511.63813277676, 11841.206257176675, 10878.406506699408, 13693.016582367818, 13587.457566631074, 13367.860711422753, 16427.027272151223, 15862.23207023526, 16288.156404654888, 3414.9748351927865, 3627.466617696157, 3112.7863824072474, 14506.119613804374, 14773.745557999164, 14921.555297622299, 13506.702271465083, 13640.318223927183, 13375.208526411841, 6656.517482888481, 6769.849749071245, 5666.499415423953, 3780.836754278079, 2848.4011414300476, 15781.543512122002, 12694.979937951854, 11631.147903904413, 8452.900851926515, 15068.627436249795, 9236.50113002754, 11309.098245439378, 16510.25684991, 8402.517572876597, 3065.4363474063525], [4003.521106476147, 6245.130352922988, 5593.876395220043, 6363.554922368471, 0.0, 545.9581600269382, 677.5069187838601, 9522.502051063047, 10155.122168147462, 9917.235076496876, 7416.460788341026, 6714.088964632507, 7883.161346344498, 5107.499694077327, 5572.382793742727, 5339.307363787929, 9760.943858049794, 10214.982027027752, 9481.803955471763, 4145.30608037573, 4030.161674796683, 4453.536866918247, 7078.986950828486, 6932.229529523673, 6887.194299023369, 6018.896285865043, 5789.039347119692, 5832.731590987193, 8549.03686095691, 8467.181589082638, 8233.43431533889, 6992.639210269611, 7008.076256184718, 7164.385550240859, 11024.286045477047, 11512.290511123318, 10744.728067754902, 12865.366541610852, 12518.62518659697, 13002.574324436679, 11384.806212667829, 11751.939334637496, 11247.708794461207, 6899.992413945105, 7387.91422273567, 6644.760388832694, 4264.412694029507, 4400.101206222422, 4529.087414976664, 12815.438199687127, 12321.806127755783, 12676.249691844981, 1493.6574239095116, 1737.5112409708315, 1633.651010773109, 6277.604663603786, 5852.602519392548, 6842.502854402035, 7945.148775353422, 7484.375808976992, 7618.777173864582, 9996.861069855879, 10518.273533474969, 9255.470173092235, 11771.30369266718, 11945.504515297793, 11517.826672163459, 12974.702549577003, 12332.903652425084, 12694.212571581586, 5328.439323573085, 4846.362198855962, 5732.473969631261, 9724.343808196007, 10057.671900718376, 10077.276727866512, 10859.155123673298, 10715.23214867508, 10958.200838869489, 6360.804292697583, 6084.786612938862, 9548.322660289607, 3323.251655005982, 3517.173270184453, 11856.583745961567, 11718.983664337109, 6406.983616531262, 2094.6154927575617, 13123.845246820765, 4954.280030942941, 10980.522670847686, 13046.958457816905, 4723.041426083409, 4003.521106476147], [4298.263639250156, 6394.5823016441045, 5724.907886813551, 6453.762105353744, 545.9581600269382, 0.0, 152.8121804700138, 10059.210487160512, 10694.69794162042, 10449.902062938198, 7955.159194667319, 7254.676616672862, 8426.123997722798, 5607.365830985169, 6073.510748529222, 5829.647421800052, 10276.71434907578, 10729.321099212195, 9988.85449200758, 4088.9777527519022, 4050.544909330102, 4467.238555584422, 7365.879636031259, 7232.064560863653, 7201.214524300744, 6218.210278086453, 5946.9070217214585, 5996.933070328532, 9094.545497851996, 9012.984557015507, 8779.308148282527, 7181.051999011009, 7183.998059924572, 7369.058623732071, 11539.661227696419, 12023.36267439355, 11252.010167632272, 13407.168383461887, 13057.493657857929, 13542.271435213517, 11926.112697040056, 12294.35572986645, 11789.695248923952, 7287.106764690634, 7780.595253577967, 7058.695546097735, 4679.667623079657, 4753.834800716155, 4908.556623387369, 13335.53295007365, 12837.916801899753, 13186.805491190808, 1692.9453808377864, 1722.6523880342195, 1727.9616785391975, 6546.921270719544, 6148.464366205597, 7098.163715004043, 8428.354302590747, 7982.705231467588, 8106.288550409489, 10541.838149132249, 11063.769771759533, 9800.579463098089, 12308.811947645476, 12486.835880738563, 12056.987406168259, 13455.803406430254, 12812.344206369888, 13168.461494229308, 5691.648624300344, 5224.869615598077, 6071.842028989226, 10120.276135684244, 10458.18832900804, 10463.686685986924, 11382.10801268816, 11229.429874775478, 11487.257682427951, 6876.9112116196475, 6608.662993563827, 9922.520864805476, 3666.5012273283087, 3637.18856055058, 12313.647979477893, 12264.90528143206, 6782.294044053237, 2053.9086213850906, 13658.312144075491, 5450.812009462444, 11522.99528388778, 13527.185879276592, 5253.280225249744, 4298.263639250156], [4442.381470000072, 6516.805678397968, 5844.465865243803, 6565.198254813025, 677.5069187838601, 152.8121804700138, 0.0, 10198.810056202634, 10832.359074781449, 10591.628548646331, 8066.728348593374, 7368.620121840996, 8543.312534520786, 5756.987602036329, 6223.0029427118225, 5980.387215724413, 10423.826222889558, 10876.757113795453, 10137.642878154664, 3999.7972604870856, 3980.0282662312843, 4393.985946723088, 7507.759527648712, 7375.4747728536095, 7346.1725791394265, 6191.719520860098, 5908.921353555147, 5960.659176005621, 9217.511357465202, 9137.401247756388, 8907.171268141194, 7150.308559775585, 7149.6639999723075, 7342.876756592065, 11686.892029641584, 12171.485696598422, 11400.793420854534, 13542.872318123655, 13195.695616847945, 13679.850202487598, 12062.302459522392, 12429.404903292834, 11925.209641763115, 7321.032308527261, 7816.277586709674, 7103.151149313945, 4727.33011328805, 4778.784495036369, 4942.377495952733, 13430.577170211263, 12930.283373731605, 13275.537300802554, 1832.3354291722897, 1828.406495421628, 1852.9975715040757, 6541.256210583713, 6151.771340435208, 7087.644729562847, 8502.75993795544, 8065.289246208099, 8183.025494888794, 10663.00160015931, 11186.58683424037, 9922.160173067154, 12418.60222609614, 12601.252417914655, 12168.660695614779, 13527.964208446148, 12883.760732992521, 13237.224088248262, 5841.335998724949, 5375.662313845615, 6219.5263334517695, 10156.028536046952, 10495.598258913114, 10495.660561632129, 11479.417042036586, 11320.744923590497, 11589.269012754858, 7023.805280971278, 6753.519452848271, 10072.505274260222, 3815.439235854766, 3757.7971023593063, 12374.38584334592, 12390.24238059934, 6812.257908542512, 1979.192148958762, 13764.921051807743, 5533.760023709015, 11657.982780052474, 13598.89069464859, 5357.694379348267, 4442.381470000072], [7575.55948841404, 8979.927703634366, 9054.368507107494, 9685.897044801786, 9522.502051063047, 10059.210487160512, 10198.810056202634, 0.0, 708.4015898485839, 537.505813922046, 3663.753411803256, 3874.984879002754, 3049.4999590096736, 4733.379639591568, 4310.960776033573, 4656.250671140891, 1498.7645954251793, 1733.7540555107582, 1905.487552439008, 11643.581990199578, 11120.143954216599, 11379.467048702238, 7271.720158428815, 7062.0403611491765, 6839.3347629722, 10518.960930743111, 10848.628081467257, 10805.036586009322, 2299.2393443267274, 2190.0356732254377, 1989.6234725444904, 11080.7545010482, 11234.479571835984, 10968.689672198772, 2183.512794787335, 2725.6633366943915, 2347.1688397940197, 3415.8447436176025, 3008.2573859296035, 3501.536269982078, 1950.811129376702, 2359.136825726732, 1855.2227797491057, 8200.68308892619, 8199.257778909016, 7667.3766088865095, 7793.980950868432, 8494.97654867275, 8191.6134704952965, 6426.975012593405, 6316.341034372669, 6834.87895375624, 9049.49454734904, 9672.447499211356, 9336.006992419188, 9799.153343529226, 9342.951638133422, 10180.017497529167, 6086.81284622749, 5576.544769164863, 5933.250189609401, 2489.0601263328294, 2518.9757963307234, 2327.5083914993734, 4494.932737260927, 4197.229182746638, 4167.5564258327695, 8289.869664988712, 7934.104490268576, 8355.095750498615, 6393.114093499348, 6400.916194186579, 6591.9614872964785, 8958.806508821359, 9010.588909721715, 9348.640024757613, 5091.766178105589, 5526.261875128612, 4732.085461242221, 3387.510378212883, 3534.963092098699, 6060.119249032977, 7483.922976955334, 8997.913647062855, 8416.371787326174, 3055.1281171990167, 8319.23092148547, 10508.13286221677, 5712.071099872621, 6291.251986886234, 1641.1528912627252, 8371.345191335738, 5633.464742057057, 7575.55948841404], [8282.446045704131, 9674.845767504512, 9757.520977430693, 10382.175229690549, 10155.122168147462, 10694.69794162042, 10832.359074781449, 708.4015898485839, 0.0, 741.182543304954, 3930.0544684520605, 4249.128219411601, 3281.82042660777, 5427.1680575600385, 5010.152817030634, 5357.5813689574525, 1891.171925024269, 1971.1992701145155, 2380.756182392477, 12136.375334093784, 11602.556426279512, 11846.244790016794, 7941.565494283857, 7735.787775010378, 7514.155495629566, 10867.55636056239, 11220.904110743482, 11173.343347561642, 2450.471893329937, 2383.3173440605847, 2303.177831822806, 11382.38784811869, 11540.27438202836, 11255.00062472233, 2161.0996188283398, 2646.951371389357, 2477.2086105130506, 2733.3724590695647, 2365.095465832194, 2847.5825822089855, 1255.122006021725, 1657.0351912376507, 1149.8111257941441, 8437.930081631395, 8395.765766891072, 7920.311112891968, 8231.848402697902, 8918.195059820124, 8607.208189215597, 5966.7243945065875, 5908.063345970489, 6423.0853178204015, 9722.281432359385, 10350.809826409719, 10012.791974519396, 10112.69476017644, 9676.421084264573, 10464.252018778026, 6203.186303223531, 5748.8053106710795, 6086.87445451276, 2204.597468927151, 2088.136878894677, 2262.0959583978756, 4010.3167736476885, 3654.901246955929, 3693.3199834295438, 7948.962982678936, 7637.377249422736, 8047.722989299521, 7099.636654435212, 7109.313104126165, 7293.264551111526, 8973.253660183691, 8996.984998459206, 9347.878101473083, 4794.729528346725, 5275.581129126915, 4396.224587643357, 4085.751154928552, 4217.584098153823, 6587.980769932469, 8182.8713061186545, 9702.678512271752, 8198.961252805137, 2415.3836393003917, 8597.532803804823, 11072.85652225748, 5152.460728865385, 6715.346463511767, 933.3826251864773, 8028.473158079311, 6123.565775959299, 8282.446045704131], [7796.237574144338, 9059.796234601528, 9174.243582579438, 9770.46929847794, 9917.235076496876, 10449.902062938198, 10591.628548646331, 537.505813922046, 741.182543304954, 0.0, 4201.109414488035, 4406.6088506356, 3584.8866788226383, 5031.166769497907, 4591.469161662746, 4925.0052347687915, 1152.1399925790267, 1280.2551015325027, 1640.4272499870272, 12135.265049124391, 11616.404147260891, 11881.505126140375, 7278.467064739662, 7078.886410481524, 6859.363126413414, 11049.697747563054, 11375.589270451004, 11332.69123487444, 2822.5069198320853, 2719.0037237929632, 2527.0576393307692, 11616.25107607872, 11769.64554479021, 11505.140834644311, 1651.7954246818813, 2190.3374454635978, 1853.8865425100857, 3161.0265836433578, 2692.289917523743, 3192.7623228170296, 1771.114144401766, 2188.008869383302, 1721.5096027905265, 8738.072763773485, 8735.038100947242, 8204.882406987927, 8307.7077351397, 9012.108954761923, 8710.852785462512, 6700.554198161522, 6629.342562615089, 7145.793452269664, 9385.790207142923, 9996.522676661121, 9663.88613925578, 10333.916549401782, 9875.871559639685, 10716.645055706567, 6612.971391515315, 6109.381745520574, 6464.308861935667, 2865.0984385357515, 2806.818984633673, 2795.5525504808534, 4746.878085910781, 4396.083661908632, 4427.7472051258765, 8649.192610440583, 8319.116257902637, 8734.41540688328, 6544.687850654148, 6592.934902226777, 6705.665981093899, 9466.955440504618, 9511.63760874015, 9853.23622281025, 5472.822769147563, 5932.602848876706, 5090.0259392757525, 3679.47283078704, 3871.5704581603572, 5848.562991239814, 7753.068948809884, 9233.881226223348, 8842.449197620535, 3138.1386302233377, 8856.283962531916, 10961.700655007871, 5892.578489082688, 6810.1373196507575, 1573.722199913314, 8729.507521189269, 6132.683955659219, 7796.237574144338], [7138.8788072777925, 9373.618564887307, 9172.171226051114, 9988.744446876193, 7416.460788341026, 7955.159194667319, 8066.728348593374, 3663.753411803256, 3930.0544684520605, 4201.109414488035, 0.0, 721.166589630994, 658.5412382683412, 4328.378738049617, 4202.637936463239, 4504.837677430785, 4907.443644607649, 5278.149681706648, 5070.446540986306, 8496.294228956527, 7935.598984953815, 8128.954806738687, 8303.455041427032, 8059.099864438956, 7846.379041475118, 6953.709666429854, 7327.271085643003, 7275.711412810433, 1519.3676727507404, 1553.5770217469114, 1674.233033361844, 7452.349042416088, 7610.26167831961, 7326.898751347667, 5840.103942782183, 6387.013802435376, 5930.851804336373, 6159.940391351202, 6024.075266171565, 6421.1682396975075, 4840.793129746406, 5085.5801045701755, 4666.393816428271, 4536.978103594946, 4546.417717555219, 4005.8207648370885, 4495.723662548667, 5129.098361310689, 4805.81760083547, 5583.903484570629, 5167.532353551355, 5606.47978904767, 7508.098336130128, 8183.3162020356995, 7842.034573374437, 6183.885939480125, 5755.385792889994, 6536.388170274162, 2582.398654836236, 1979.5209332058103, 2357.034683665049, 2741.432677451702, 3297.9775999845724, 2058.6904211172705, 4356.066172591965, 4541.644113093847, 4101.949612684192, 6439.969186649888, 5886.580342185096, 6317.219646529635, 6637.00327708221, 6362.795302577319, 7053.061059745619, 5594.274137455188, 5720.470506217124, 6012.804306228501, 3632.8109811824793, 3675.56670800572, 3626.349748714263, 3654.5318612648593, 3381.287661527779, 8384.313105436844, 6684.123563527232, 8279.85667523901, 5928.3561170024195, 4545.086632837708, 4670.423060334042, 7779.723745898693, 5721.420414765902, 2994.220474514192, 4389.878272799829, 6523.463660127188, 2739.7676110393, 7138.8788072777925], [6463.079035954922, 8751.194561315615, 8524.616193706319, 9352.300017910035, 6714.088964632507, 7254.676616672862, 7368.620121840996, 3874.984879002754, 4249.128219411601, 4406.6088506356, 721.166589630994, 0.0, 1200.6332964315116, 3718.5556671912277, 3641.0356528053935, 3920.4758958575426, 4964.982691309205, 5370.1945088143675, 5053.304921039299, 7971.972975681742, 7421.358534661967, 7639.401154540847, 7770.980673312732, 7525.873080580086, 7318.256815150723, 6644.049264191229, 6979.811624427984, 6934.517038878773, 1997.117453982113, 1977.2570173095855, 1947.7711621235171, 7220.105608645902, 7371.010043576119, 7119.999670821623, 6001.6613585323175, 6555.11596483998, 6027.130588016158, 6647.5749807730635, 6460.976246860841, 6883.225647361852, 5268.3622336547805, 5548.622013617434, 5099.71200167225, 4442.07950317191, 4531.15344724718, 3889.02703127659, 4005.2356360144418, 4676.7837506132355, 4362.314645059433, 6300.189729285936, 5876.288422550411, 6307.808900482005, 6787.05224121636, 7462.264338825046, 7120.910229738892, 5933.5677768523055, 5469.803755620489, 6335.787367210172, 2851.310279941487, 2185.3382175306424, 2562.9536183864116, 3354.7340617402147, 3902.757038299975, 2635.474340607398, 5066.360256633948, 5232.659457675417, 4805.719574111664, 7080.764656800846, 6510.106805959484, 6935.90353252552, 6035.099937035011, 5734.849741928729, 6468.792511937602, 5859.442432945305, 6023.034041286833, 6286.449962021492, 4344.432140683061, 4362.3549402816825, 4346.870282168539, 3201.789050671515, 2882.379659239913, 8066.402543885346, 5987.453157436808, 7577.896826461812, 6478.056228530283, 5144.142907229541, 4492.417396291223, 7151.44358241747, 6437.646721628954, 2484.2126519281724, 4819.3490224303105, 7163.496222166939, 2081.764951309345, 6463.079035954922], [7298.788533893827, 9416.137162472729, 9261.86949608447, 10054.288341921572, 7883.161346344498, 8426.123997722798, 8543.312534520786, 3049.4999590096736, 3281.82042660777, 3584.8866788226383, 658.5412382683412, 1200.6332964315116, 0.0, 4392.723564316335, 4199.591684021198, 4527.70447495196, 4352.945303182663, 4703.464481103264, 4556.7307702452645, 9126.707460113972, 8569.236492389507, 8770.021825086867, 8216.984030804733, 7975.000097962383, 7756.935606281647, 7611.555462748727, 7985.797158080087, 7934.251106752293, 861.0250068958509, 899.5172316303906, 1077.109122837608, 8102.6466547974305, 8261.434878397335, 7973.289981243627, 5232.389810115451, 5774.988365789147, 5350.529325449961, 5510.921684482552, 5367.081376316182, 5767.367792156141, 4182.762431993958, 4431.180888036507, 4008.6237117619303, 5164.765544049409, 5150.206609933236, 4641.169202097678, 5133.536944690279, 5776.6005628310495, 5454.604133207101, 5352.038893029459, 4986.058218924042, 5455.019047858586, 7875.915125399714, 8549.378084106469, 8205.259841254267, 6837.439670666205, 6412.316883350352, 7182.515663052883, 3079.76713811288, 2532.9062482650243, 2897.1961121919235, 2154.11996242085, 2703.1003611593856, 1439.707544086646, 3949.1907794508993, 4069.4957073942214, 3669.950825624234, 6448.883745463241, 5934.513591062033, 6370.417961170208, 6660.795396384729, 6431.899262659515, 7046.650356729785, 6046.16833726121, 6143.900430508293, 6455.411126527884, 3455.55644035805, 3602.604309732058, 3365.1033137929057, 3534.0895662815337, 3322.2396907056545, 8067.88434550843, 6902.704406607601, 8508.895345460538, 6095.508720566315, 3946.3458176520726, 5315.750476179257, 8350.923975824471, 5341.07023451293, 3622.542485948232, 3731.7884871064175, 6533.326703334221, 3282.3962283673186, 7298.788533893827], [2979.893559340669, 5045.449682634839, 4869.149052966031, 5667.948537610411, 5107.499694077327, 5607.365830985169, 5756.987602036329, 4733.379639591568, 5427.1680575600385, 5031.166769497907, 4328.378738049617, 3718.5556671912277, 4392.723564316335, 0.0, 466.72060700166276, 320.70235421649187, 4698.243355233954, 5143.371492756478, 4385.254054784055, 8204.783856080549, 7797.1409022795015, 8158.736498380126, 4140.3370182872795, 3897.1483965843545, 3706.0096886678543, 8284.76104815341, 8399.766830841198, 8390.757284804513, 4645.4793213402645, 4500.789687654823, 4119.272538932086, 9135.477888430358, 9242.945367278766, 9147.46489812888, 5955.58312111417, 6425.468003383099, 5647.924674161299, 8148.65422171048, 7717.481879635352, 8216.40784117366, 6681.150022638319, 7083.615778682522, 6574.451022709043, 7151.0865651661625, 7437.767327128484, 6622.088983092874, 5268.740954915131, 5956.4639258539955, 5772.178017221922, 9724.387030810734, 9376.580700073988, 9847.741651008115, 4378.29340325657, 4972.076559396486, 4643.781460189529, 7918.402715352383, 7377.165148280197, 8466.364424149246, 6403.412298337504, 5729.044695671348, 6069.623134923617, 6019.337847720462, 6424.327299414313, 5332.0264674886985, 8151.11802147411, 8119.306081802804, 7836.489368652266, 10768.047786158826, 10213.012074065124, 10642.20995904986, 2316.5761373199025, 2041.0861844860945, 2759.2393086682423, 9268.41090074237, 9489.16495601694, 9697.216900997935, 7848.202222483822, 7972.386915159098, 7737.287961553453, 1351.8332460033682, 1240.294823822143, 5241.577171996994, 2764.7222396653156, 4327.530509713363, 10193.131572289254, 7446.965825086081, 6946.84966819493, 6577.2112488880875, 9547.845715788459, 4315.252744625741, 6336.563047110003, 10851.618110908623, 3338.7865029827826, 2979.893559340669], [3319.993411138041, 5219.04954230174, 5099.086008786281, 5867.018514543823, 5572.382793742727, 6073.510748529222, 6223.0029427118225, 4310.960776033573, 5010.152817030634, 4591.469161662746, 4202.637936463239, 3641.0356528053935, 4199.591684021198, 466.72060700166276, 0.0, 359.55267347080104, 4234.0435755905955, 4678.081370872037, 3918.53687618223, 8612.581639671114, 8193.241307626671, 8547.82081147002, 4133.646241516079, 3888.506300624959, 3684.2207876971765, 8582.54405756242, 8719.299803453256, 8706.89929380718, 4375.666377821783, 4224.20721112258, 3827.230150513553, 9412.369687012935, 9525.148046749719, 9412.424385486449, 5490.297834589667, 5958.94246594981, 5181.207026359785, 7722.410973912228, 7281.638830819612, 7781.362448986681, 6261.43454010341, 6667.128551707999, 6159.460457296563, 7313.371849735249, 7574.796305017054, 6773.988162449062, 5557.073476660175, 6258.319712590593, 6058.014964697595, 9490.02535560364, 9162.553205848248, 9642.78389522445, 4837.903729922704, 5425.22652176847, 5099.290698224608, 8177.391565315922, 7638.437749304499, 8714.428140302723, 6405.452877236706, 5727.862275753494, 6081.059991892861, 5711.038106158984, 6093.839358319186, 5043.444073745639, 7866.563139325839, 7808.570811934794, 7547.178694717649, 10624.10143259184, 10083.891238009262, 10516.169469559722, 2461.989160211718, 2272.9472194707914, 2854.105869182151, 9323.063471842288, 9529.648553986655, 9752.962690895522, 7644.10884276251, 7799.439082395605, 7508.321425258777, 924.6384428521241, 910.5098159822329, 4959.074069319797, 3173.0094646092693, 4706.521572509788, 10113.23776666009, 7082.468010870222, 7139.733998021215, 7017.319756324348, 9257.131119439759, 4510.226227696344, 5926.936656064412, 10708.14292956533, 3530.4401726272035, 3319.993411138041], [2960.9610981909236, 4888.712765135624, 4752.479615947869, 5529.110744504942, 5339.307363787929, 5829.647421800052, 5980.387215724413, 4656.250671140891, 5357.5813689574525, 4925.0052347687915, 4504.837677430785, 3920.4758958575426, 4527.70447495196, 320.70235421649187, 359.55267347080104, 0.0, 4526.28883579031, 4964.16990165526, 4188.409975754523, 8506.164125209434, 8103.689360408628, 8467.71847961421, 3884.3809835030347, 3639.9575031859918, 3442.99220337485, 8605.380039545029, 8720.217618414117, 8711.318517451879, 4725.563789115538, 4575.431161377035, 4181.127987756414, 9455.214500475386, 9563.006931007632, 9466.266505993797, 5775.585062355155, 6232.469539636756, 5447.589203032843, 8064.0647706352165, 7616.883487522966, 8117.063527686599, 6607.061799695837, 7014.133054055932, 6507.286780986373, 7451.1023723003555, 7731.000602282993, 6919.159089080118, 5588.860013455339, 6277.1062202260055, 6092.2164737064295, 9833.037583829324, 9499.757398218126, 9977.313798062083, 4543.446172785587, 5117.177719456302, 4795.709671154, 8236.514072257753, 7695.449345229945, 8783.290332358369, 6646.706068610225, 5970.421101145213, 6316.773306047954, 6068.002399884166, 6452.87968662054, 5397.307777957451, 8220.390805795063, 8166.097981900537, 7901.7523768465435, 10937.176423785071, 10390.847685583693, 10821.943924845482, 2136.498303299116, 1922.1915389731587, 2550.2772520845647, 9534.591791209521, 9749.891746193904, 9963.934495218244, 7977.864885105539, 8122.709100109397, 7849.428323132838, 1276.1771526712123, 1264.9925889110975, 4920.8847019616305, 2829.973774171767, 4352.069371287641, 10398.384790437407, 7441.387639412425, 7254.027006601231, 6856.425476332402, 9612.1392162463, 4621.583197346986, 6276.978273819339, 11021.04875340818, 3643.3408861236144, 2960.9610981909236], [7226.778760277639, 8222.196520699319, 8400.718161264547, 8935.641065418866, 9760.943858049794, 10276.71434907578, 10423.826222889558, 1498.7645954251793, 1891.171925024269, 1152.1399925790267, 4907.443644607649, 4964.982691309205, 4352.945303182663, 4698.243355233954, 4234.0435755905955, 4526.28883579031, 0.0, 460.5109254947155, 532.9458227625021, 12333.929321185524, 11841.551445017669, 12136.853098105785, 6348.460935533903, 6164.592950876806, 5951.755649596176, 11525.38339926269, 11809.750275196338, 11773.84263154982, 3699.4636435569964, 3567.308377824939, 3278.3346572612136, 12160.839429291058, 12307.003405073878, 12073.0695273613, 1263.4062341543195, 1770.5282580348724, 1085.486642018225, 3941.139587733477, 3388.4216919533505, 3873.0690753587137, 2737.3824175660957, 3134.8748978228778, 2735.3410436360573, 9395.178700402668, 9443.473357959983, 8846.889460426191, 8659.266893045855, 9380.669119257964, 9097.133219454356, 7852.081332360229, 7774.259209082239, 8291.461345866603, 9068.327436743779, 9641.67557079681, 9321.799886556244, 10869.948036329337, 10385.436016364452, 11292.92678239348, 7431.781520100009, 6875.927664686418, 7246.019812628171, 3977.701126278846, 3953.5889549876074, 3815.316582539384, 5899.006537121315, 5543.919247698329, 5579.586118163246, 9776.357002994519, 9429.56852141178, 9849.095532712636, 5857.533877409503, 5983.355167671396, 5947.6724701768835, 10364.787142049758, 10434.567028032357, 10763.46279084942, 6585.189822624706, 7024.750885262766, 6216.229011627548, 3400.210471426731, 3692.7653086812866, 4717.285037497735, 7290.277022342841, 8680.70318652239, 9913.640382069547, 4254.152750548576, 9456.939333764387, 10999.688134783639, 7034.204934639026, 7214.120052022977, 2646.1369248396804, 9857.327223948692, 6429.177265599386, 7226.778760277639], [7624.7849354916225, 8529.479120233544, 8734.01262665105, 9242.368219915283, 10214.982027027752, 10729.321099212195, 10876.757113795453, 1733.7540555107582, 1971.1992701145155, 1280.2551015325027, 5278.149681706648, 5370.1945088143675, 4703.464481103264, 5143.371492756478, 4678.081370872037, 4964.16990165526, 460.5109254947155, 0.0, 829.8051352576697, 12790.945589068073, 12297.038578962822, 12590.502434871294, 6615.454089667616, 6441.324228176997, 6233.1876375575275, 11954.647174320955, 12245.152229555988, 12208.268714277223, 4008.8910951159555, 3886.4817798363592, 3626.3887426060646, 12578.902538079385, 12726.455344085407, 12486.68515859994, 812.2191822408535, 1310.0596360471538, 656.9876806303157, 3692.929265840331, 3117.8142383727754, 3586.5395055680074, 2613.4391254628454, 2986.7815558724747, 2641.1470637774037, 9787.40293693889, 9822.599261397158, 9242.112261950728, 9102.711563731986, 9822.775909207132, 9536.957881054104, 7922.269344228332, 7877.519140725714, 8391.68943434515, 9507.584554580622, 10075.401977092526, 9757.609610580861, 11288.774983362897, 10808.527955392445, 11704.42824853055, 7774.269258264727, 7234.67917827045, 7600.653446414985, 4143.988303856564, 4059.3066295243084, 4057.1281792050886, 5961.693996885449, 5570.801249595969, 5650.669899445553, 9917.853614189919, 9595.950399126705, 10009.701075706505, 6228.75451535056, 6375.512234322822, 6295.0637903837, 10679.271466841734, 10737.657012821745, 11072.648805164012, 6750.036689715101, 7212.775666309053, 6361.513798813928, 3854.3816381489764, 4151.354635838763, 4793.600062844208, 7710.159693547208, 9079.358629605946, 10122.052425891698, 4223.419267903674, 9861.986678656589, 11460.182835583384, 7035.598100019643, 7649.7774681686, 2598.7067095961415, 9997.658241433342, 6875.882897853918, 7624.7849354916225], [6801.713938412876, 7715.837000935154, 7909.861921993329, 8429.137707974642, 9481.803955471763, 9988.85449200758, 10137.642878154664, 1905.487552439008, 2380.756182392477, 1640.4272499870272, 5070.446540986306, 5053.304921039299, 4556.7307702452645, 4385.254054784055, 3918.53687618223, 4188.409975754523, 532.9458227625021, 829.8051352576697, 0.0, 12198.75838968868, 11719.902543323473, 12028.196690485236, 5825.569714628776, 5644.71544898412, 5433.450359808213, 11524.23885772939, 11787.189616804337, 11754.826734686478, 3972.1294666714984, 3828.256987520561, 3499.832585281759, 12192.544981463056, 12334.605093496104, 12117.024761157336, 1612.483042546495, 2044.2606395711875, 1263.1557702833024, 4463.129507419654, 3903.220024864088, 4382.747604243256, 3269.8059957740616, 3667.814829704466, 3265.404358574907, 9495.36276624016, 9571.046589192847, 8941.690451195456, 8610.268760323339, 9335.882557369709, 9062.305601363263, 8317.03072015488, 8219.538460278654, 8737.838691575853, 8728.00413897702, 9285.128650831932, 8971.142799275907, 10901.373551644765, 10405.293124174828, 11343.558538329144, 7630.836802900452, 7049.578888132255, 7425.4252824333225, 4392.7952376590465, 4409.525555544497, 4165.582567300761, 6371.6199372687015, 6034.476209663935, 6048.554579401595, 10192.085777700266, 9826.26232348801, 10249.872941285663, 5399.16110381974, 5550.421858967118, 5466.960564381272, 10599.093416420104, 10684.633314367882, 11004.572913112077, 6989.158121691053, 7408.1749608118735, 6636.270837224774, 3139.994028656741, 3469.0078732974926, 4208.407136316542, 6902.994481563779, 8256.186790068403, 10272.417710792333, 4768.35171993426, 9527.225215796045, 10797.569243237109, 7532.967646452494, 7200.3943034392205, 3169.0697570422785, 10273.825054477033, 6371.946940496287, 6801.713938412876], [8028.107264480214, 10384.953207646147, 9738.370147257701, 10506.284131413922, 4145.30608037573, 4088.9777527519022, 3999.7972604870856, 11643.581990199578, 12136.375334093784, 12135.265049124391, 8496.294228956527, 7971.972975681742, 9126.707460113972, 8204.783856080549, 8612.581639671114, 8506.164125209434, 12333.929321185524, 12790.945589068073, 12198.75838968868, 0.0, 578.5245241128505, 648.7704717386574, 11063.13613990174, 10891.206602117141, 10814.196759930901, 3105.1127193710704, 2612.8088932220053, 2693.541175200409, 9963.226447792904, 9949.227749554235, 9883.428207105062, 3846.4451932921133, 3774.821394781481, 4112.981164860837, 13550.507889466726, 14089.89891952742, 13406.35227233717, 14619.547915376865, 14419.30677295202, 14851.102915692827, 13226.76925783466, 13518.554956984124, 13061.467782182828, 5530.243128696966, 5996.919651996348, 5632.323288395297, 4006.4607978863337, 3443.9970419557567, 3770.0101541640443, 12881.318109960643, 12316.910377606879, 12527.499002195133, 5638.129122324177, 5806.233853583577, 5764.250005421347, 3883.672754301011, 3797.720533425281, 4228.95247815579, 7675.561563332028, 7541.099472225519, 7465.803079709511, 11225.770853264377, 11783.771281936864, 10554.786384621908, 12436.570693925236, 12784.150954404442, 12270.214189247064, 12261.837392903235, 11626.350459193978, 11886.025999571935, 9159.067399304364, 8647.26519267797, 9619.089175306568, 8099.168167163835, 8456.439576588955, 8320.12206941701, 11112.752246855862, 10766.223223582168, 11376.476415173549, 9144.40983606925, 8770.086409209434, 13236.159870785785, 7283.916035519629, 7661.991520649184, 10839.615566292006, 13028.332707027404, 5007.200596391162, 2053.50500668978, 13601.539722123374, 5504.3167718618815, 12780.732202225348, 12316.312861404587, 6014.428614797918, 8028.107264480214], [7800.012219541711, 10223.789965076552, 9592.19246314418, 10382.931456241056, 4030.161674796683, 4050.544909330102, 3980.0282662312843, 11120.143954216599, 11602.556426279512, 11616.404147260891, 7935.598984953815, 7421.358534661967, 8569.236492389507, 7797.1409022795015, 8193.241307626671, 8103.689360408628, 11841.551445017669, 12297.038578962822, 11719.902543323473, 578.5245241128505, 0.0, 424.10199244992833, 10802.135928833704, 10622.114461113664, 10535.137709707453, 2664.8551789919093, 2212.572385821534, 2287.3609930441667, 9409.168567147684, 9398.136866554989, 9340.574125823316, 3481.581896207527, 3430.225256816234, 3732.5797463014774, 13049.818305727476, 13591.812850480985, 12917.740828991735, 14068.01169764228, 13875.180460538162, 14303.554682752816, 12682.298810744052, 12969.742913797481, 12515.989773086267, 4974.366950929534, 5446.570738776831, 5062.793818634134, 3441.514928051308, 2867.5174367386153, 3194.032766347271, 12305.332812443556, 11741.50397628004, 11954.87152273081, 5506.611083506807, 5739.501965545443, 5663.587643887928, 3385.119320275136, 3261.1122527444522, 3769.7755652691044, 7098.317692418394, 6962.745731749796, 6887.499999999999, 10661.175621149858, 11219.128754052163, 9994.28649279177, 11859.11806375162, 12208.45250226252, 11693.769307840821, 11706.472702099469, 11069.320355152793, 11334.007524371069, 8863.743918345115, 8349.232468466787, 9334.974976533145, 7581.258347068777, 7938.959806706418, 7814.598718104468, 10534.346354900243, 10188.913245533107, 10798.027887072712, 8691.391035099043, 8310.815242802599, 12886.702933644432, 7041.680485686638, 7534.664163882821, 10295.00121418157, 12462.80892295152, 4447.420073761865, 2001.2687382008446, 13023.01526385115, 4947.031938445516, 12235.28963694771, 11761.824502389076, 5486.917537424816, 7800.012219541711], [8217.655725631244, 10647.078531221605, 10016.054924470014, 10807.02968557966, 4453.536866918247, 4467.238555584422, 4393.985946723088, 11379.467048702238, 11846.244790016794, 11881.505126140375, 8128.954806738687, 7639.401154540847, 8770.021825086867, 8158.736498380126, 8547.82081147002, 8467.71847961421, 12136.853098105785, 12590.502434871294, 12028.196690485236, 648.7704717386574, 424.10199244992833, 0.0, 11213.314212354882, 11031.669892858468, 10942.501784898188, 2457.5171667762575, 1964.346663015467, 2044.8811854237401, 9617.000734376596, 9612.464970677398, 9571.042916004504, 3204.4383283190214, 3137.7183688948253, 3468.2319432961813, 13335.689017163679, 13880.206511882307, 13216.157842769584, 14277.956020558406, 14099.92647365581, 14521.557520200786, 12907.069404981132, 13185.931186306107, 12738.970229182578, 4948.182273572791, 5404.862538723811, 5082.927920991995, 3637.521477599823, 3014.055614948072, 3341.687681770994, 12353.251216784996, 11785.35280019228, 11981.745620943553, 5930.676869042857, 6160.454655502303, 6086.798214168103, 3250.97124910