{"max_q": 960000.0, "init_soc": 960000.0, "t_max": 20000, "css": [{"node_id": 41, "type": 1}, {"node_id": 42, "type": 2}, {"node_id": 43, "type": 0}, {"node_id": 44, "type": 0}, {"node_id": 45, "type": 1}, {"node_id": 46, "type": 0}], "process_times": [0, 0, 0, 0, 0, 0, 0, 0, 0, 0, 0, 0, 0, 0, 0, 0, 0, 0, 0, 0, 0, 0, 0, 0, 0, 0, 0, 0, 0, 0, 0, 0, 0, 0, 0, 0, 0, 0, 0, 0, 0, 0, 0, 0, 0, 0, 0], "breakpoints_by_type": {"0": {"time": [0.0, 19.0, 23.0, 31.0], "charge": [0.0, 816000.0, 912000.0, 960000.0]}, "1": {"time": [0.0, 37.0, 46.0, 66.0], "charge": [0.0, 816000.0, 912000.0, 960000.0]}, "2": {"time": [0.0, 76.0, 92.0, 122.0], "charge": [0.0, 816000.0, 912000.0, 960000.0]}}, "energy_matrix": [[0.0, 322689.9382534261, 256384.98517853967, 401060.5417203243, 279269.40621915605, 333151.19878217456, 360780.46648897167, 450683.1938845734, 266636.5925749878, 329413.5670020286, 424515.58937805804, 269379.3282714915, 143387.9571302974, 78060.69753723699, 149728.57317492872, 402089.2135148616, 80869.40861660858, 135072.81369690943, 118552.79678269933, 66015.38173032102, 315170.3557205214, 393746.60712823924, 454842.3772308381, 96679.21829431597, 59931.147995011735, 276310.6370102317, 380382.1146229144, 236848.86003525543, 202741.37003828294, 212973.76158813553, 389428.4634242854, 379092.1795882896, 34054.46006032104, 166958.50719565025, 257030.47119942805, 182288.5761642786, 443882.57526625216, 145695.1976730874, 294969.67005100707, 286818.86705724226, 178339.60756096776, 326932.9747822939, 116085.00387646978, 238100.1955585085, 463416.84933761304, 170224.3593026568, 0.0], [322689.9382534261, 0.0, 553391.1122569642, 512673.8052846078, 446569.4234942647, 581466.5016146674, 630849.6502733435, 742080.3207874468, 89371.87057458282, 465663.06555813504, 720656.2829289701, 73904.87974416847, 336370.0417694774, 327402.5675678185, 273063.0524714026, 524613.2486174934, 400182.7395078403, 457237.5107643728, 207067.6655709432, 373817.07174097863, 539847.671223096, 425888.0464687873, 331965.1572454555, 395271.71667095023, 268685.4038648173, 53363.382810687646, 678560.3146552264, 406656.6810590968, 276395.39273475594, 257822.5225324583, 162653.69846701922, 659700.3453273311, 307217.8705739625, 489331.80269118, 436492.42905805365, 447820.8863485489, 567924.3110881941, 468237.15745869634, 459799.7199868655, 594034.932684939, 263775.6823988898, 566109.4693166685, 434842.29684449965, 479225.73295368854, 421558.44790491386, 492592.15508369583, 322689.9382534261], [256384.98517853967, 553391.1122569642, 0.0, 333969.34926726436, 227324.75255677724, 129755.48398815368, 119170.18555410579, 194453.82646016512, 477600.0058888191, 275433.4130057572, 169372.7841183465, 513770.1729616074, 367645.50945849996, 226242.18356663728, 398551.7924310465, 323367.751175036, 217590.82155504628, 151965.71364949396, 367680.32310690766, 250306.56453637013, 435852.88372339576, 403564.23280563403, 554782.1024961062, 163197.8802711604, 292767.69481109077, 515254.91264033574, 125934.44723347142, 432662.4933189842, 319144.203300013, 340831.19355481537, 566830.38137524, 126338.56299641848, 287436.52886333014, 164084.6770725408, 438809.67542888114, 113736.52942216939, 346750.169430384, 152247.33987823888, 233018.09613203863, 50674.75332944404, 428140.2836687993, 426719.13552710525, 206125.81716029652, 373039.1283096184, 504290.6360671394, 138636.05456373893, 256384.98517853967], [401060.5417203243, 512673.8052846078, 333969.34926726436, 0.0, 126703.06083516688, 232202.72527470475, 294762.1848626448, 410656.9987532174, 424062.87343388126, 72368.19916233924, 410422.1074089455, 518672.6767673423, 543509.8693906119, 323130.29976311413, 532889.0339460927, 17926.41207827159, 434215.60096914985, 410640.8901035064, 436966.0012518136, 448906.5214496221, 699296.7985769705, 120096.0084682251, 315527.7008441573, 337888.78440250125, 380887.2249432895, 504914.8504946156, 391259.94076828257, 637861.4725197, 250902.18462580192, 263065.21292257553, 427006.66271148506, 333103.58186305955, 430826.9555459593, 447192.86946461926, 657062.8052172791, 267198.1392618594, 55305.57159997536, 420357.5576220796, 113218.82849155435, 379816.71319861646, 555743.3096763289, 702168.5574881575, 450482.3539829279, 623694.173854462, 215551.57880423882, 424948.33877190296, 401060.5417203243], [279269.40621915605, 446569.4234942647, 227324.75255677724, 126703.06083516688, 0.0, 163817.37545205638, 227811.7561716252, 351788.8891082264, 357844.2485914787, 55237.13085416366, 342571.27451816504, 436676.3174824117, 422617.75282162486, 202525.69281451675, 418211.3049942576, 124447.05952733473, 307781.65149989043, 284882.91673949145, 331594.7800026412, 323569.2014469239, 572712.0071423333, 176328.12630150636, 342214.6119396424, 211294.1551486931, 267142.9041730287, 427390.9926811748, 312914.89358130586, 515038.85411685216, 170175.06610840492, 189412.12507387166, 400140.1262370471, 265715.5163421963, 310636.2020112917, 322451.6213713307, 533092.4081479682, 143119.53483015517, 164786.53805757314, 294992.9247032885, 15991.013101114002, 276977.28471844044, 443083.40143250674, 575471.3687491326, 323801.5798679803, 497305.11572373746, 278108.0095933951, 301125.2334992868, 279269.40621915605], [333151.19878217456, 581466.5016146674, 129755.48398815368, 232202.72527470475, 163817.37545205638, 0.0, 65223.701596888845, 188530.36890644435, 496494.9357747771, 192408.15503766984, 182089.0184085795, 556900.0549919168, 464889.1077450621, 276200.16518822, 482793.2690344802, 217929.98445601738, 319965.4707933342, 265137.0612532318, 425406.1948596894, 348444.51943602157, 560069.2127987397, 327250.99025824195, 505109.72137249546, 237920.28602033918, 350165.5626271664, 552783.4640480845, 159188.18462750304, 541685.5464658439, 313869.9820387416, 335559.36229674774, 557659.4575769338, 104023.81037531744, 367081.3840281198, 286936.6796437849, 551783.5224297659, 151216.55415330693, 231246.5040276285, 269163.3391177186, 160393.28227827998, 162522.2484769393, 511489.0303075912, 553158.0752822831, 318188.72642662877, 493329.39110192895, 431079.3575433646, 261169.10470038376, 333151.19878217456], [360780.46648897167, 630849.6502733435, 119170.18555410579, 294762.1848626448, 227811.7561716252, 65223.701596888845, 0.0, 123984.64118591465, 548137.4576691508, 257598.09903219395, 116985.11924599641, 601013.1633333833, 482499.62823819875, 314085.99538979767, 508144.59371816594, 279691.6929853298, 333202.7254540394, 270189.6000959326, 462774.0249030838, 364668.5181435327, 553337.623540095, 392386.1021048018, 569747.9492064891, 264140.69404391287, 386679.8966845832, 598864.5177542246, 97928.77832894678, 551086.7105093354, 369984.8518858576, 391989.0695223529, 616671.148688667, 38873.231471026425, 393784.95559124654, 282999.09120878816, 557814.934028303, 186602.1704053841, 288500.62933206925, 271179.9736798423, 225204.83176432963, 131284.28123732103, 537494.840091512, 542627.980295893, 324483.5367549485, 491931.03746866784, 496198.83237468416, 257697.59894108446, 360780.46648897167], [450683.1938845734, 742080.3207874468, 194453.82646016512, 410656.9987532174, 351788.8891082264, 188530.36890644435, 123984.64118591465, 0.0, 662349.1913258444, 379808.9824174778, 31282.19341734209, 706272.9651133476, 554390.5234579683, 417508.9475089127, 590390.6296893607, 394424.4580715044, 405605.24219985126, 336207.14039115823, 561726.5131939207, 439401.82990629436, 582913.3024086858, 513973.73048143217, 693595.0083622286, 357415.88171204703, 486366.54001894494, 706494.701413252, 73010.29465082305, 608250.8045617368, 489526.79255072435, 511643.43113637256, 737723.0616057763, 86932.8943783652, 481256.41034691676, 334127.3905638387, 609300.6323851963, 294336.48474152846, 395988.0182846446, 332701.6653475002, 348911.80117617117, 170067.4902795946, 619973.4858241923, 565608.1826229178, 387522.85174554546, 533244.393430442, 617545.4821306686, 312514.7856502153, 450683.1938845734], [266636.5925749878, 89371.87057458282, 477600.0058888191, 424062.87343388126, 357844.2485914787, 496494.9357747771, 548137.4576691508, 662349.1913258444, 0.0, 376293.2076519586, 642340.673338533, 109592.42674564697, 316641.2421811158, 254881.38417703242, 260055.67312596733, 435705.77873721166, 347276.4190813998, 396454.99429317325, 165257.67947360268, 325864.12525008025, 526099.1690023849, 341418.8565750287, 273921.7782962867, 325478.7953922652, 207797.26899071605, 88700.77860424895, 601249.6845113517, 401331.8888401468, 187763.40997382856, 168704.41050843932, 136276.4859577763, 578474.9611046272, 259253.4884046886, 432248.7890382112, 430744.43191409914, 368432.52095872315, 479241.90720866644, 408319.56924080924, 370855.59352664487, 520860.99873190734, 260623.18704405404, 548638.4260148025, 382544.68121384206, 458053.8348545943, 348065.2471161119, 431754.0966800431, 266636.5925749878], [329413.5670020286, 465663.06555813504, 275433.4130057572, 72368.19916233924, 55237.13085416366, 192408.15503766984, 257598.09903219395, 379808.9824174778, 376293.2076519586, 0.0, 374491.15476870746, 463918.53069800953, 472247.6766750685, 251679.31604524038, 463809.37490525126, 72924.22437023238, 361951.6861751026, 340117.4585713001, 371337.7775018319, 376556.8433185089, 627097.8960656781, 134934.81759723838, 317666.30487037817, 265753.61827263987, 311797.876235551, 452233.25839659333, 349208.37618820084, 566065.9021924922, 193484.01096731483, 209131.6869821501, 399791.5222337763, 296429.64173644985, 359677.8636849925, 377568.04188119527, 584976.0091234512, 197947.05257972394, 116380.08850314558, 350197.1908796528, 43828.821852748915, 323777.9534264185, 487483.86896388687, 630311.0883722418, 378731.4648930031, 551394.8279137192, 238766.60806109378, 356036.97578341496, 329413.5670020286], [424515.58937805804, 720656.2829289701, 169372.7841183465, 410422.1074089455, 342571.27451816504, 182089.0184085795, 116985.11924599641, 31282.19341734209, 642340.673338533, 374491.15476870746, 0.0, 682887.5204782996, 525254.9434560325, 394611.3792391193, 562476.0094884047, 394829.3207197256, 377034.42896504817, 307327.38752834895, 537022.4576309634, 410959.5554917783, 551631.531232579, 509335.77333621465, 684759.6521773171, 332532.8902905696, 462123.22828981443, 683850.0164509759, 44262.45587402488, 577771.986275728, 473018.4060900801, 495139.1849773152, 721873.5077906656, 78111.98691622175, 454514.6346653757, 303927.70727592445, 578506.1203219893, 273919.19086657657, 399913.61567218485, 303382.9634307108, 341071.8078718908, 141037.67448806012, 592025.9052609099, 534376.557892466, 358039.6940284694, 502131.6373721137, 613159.017404947, 282729.3593261938, 424515.58937805804], [269379.3282714915, 73904.87974416847, 513770.1729616074, 518672.6767673423, 436676.3174824117, 556900.0549919168, 601013.1633333833, 706272.9651133476, 109592.42674564697, 463918.53069800953, 682887.5204782996, 0.0, 265286.9696196931, 288839.0901522853, 201199.22496123088, 528605.2408224875, 342619.19276362786, 404239.42472252756, 150828.1327372317, 313749.34760888346, 466639.8082300737, 445616.60721409385, 381119.7523417017, 351615.0540719211, 221702.74017251117, 24303.356249703527, 639703.2969471081, 332918.4359569172, 270434.78534574655, 255898.91192617445, 224747.87123574727, 626932.8956315819, 249004.35990158885, 433129.4155619079, 362736.6684317977, 414818.24031737074, 573078.7298661502, 414399.3793733287, 451193.33023660706, 550816.012839133, 190350.78309531583, 493367.7862406502, 376267.7346318709, 407455.5075403939, 457508.8154888384, 439105.11270082014, 269379.3282714915], [143387.9571302974, 336370.0417694774, 367645.50945849996, 543509.8693906119, 422617.75282162486, 464889.1077450621, 482499.62823819875, 554390.5234579683, 316641.2421811158, 472247.6766750685, 525254.9434560325, 265286.9696196931, 0.0, 220582.15306320682, 64683.79337206499, 545060.6875614861, 150063.8863950951, 218266.88079046717, 156451.95947957956, 117831.11059902639, 209555.22094426566, 527202.1013093555, 557413.0632887967, 228711.48856146252, 170066.69647523586, 283052.8716070551, 481494.14131949726, 97922.3735925555, 326965.7407512291, 331080.28576917714, 452594.30301871896, 493983.8035047303, 112706.01137472657, 225366.5139833334, 123162.08071074473, 317873.4123043322, 587133.0007970937, 221904.7726503421, 438341.39948218444, 384355.5726797778, 85000.01838235096, 232352.29985950212, 167661.9086882885, 143169.18531932772, 586288.8878360223, 243491.470589834, 143387.9571302974], [78060.69753723699, 327402.5675678185, 226242.18356663728, 323130.29976311413, 202525.69281451675, 276200.16518822, 314085.99538979767, 417508.9475089127, 254881.38417703242, 251679.31604524038, 394611.3792391193, 288839.0901522853, 220582.15306320682, 0.0, 217773.5133688208, 324478.54416740715, 131773.1431286361, 152944.76944309016, 149394.44643292465, 133784.29700454389, 388574.24724883656, 318720.18389960803, 397934.43005726463, 71353.74026636587, 74004.89848651909, 289238.9464180092, 351879.13141446735, 314888.9089821997, 139021.86203975254, 154243.56753200438, 359971.81920950423, 338438.2375338224, 108176.15841764763, 193659.25132820278, 334973.4849581382, 127590.05643074229, 366681.0134503831, 165693.0614871969, 218379.21432682188, 266910.65921015595, 244216.2271942632, 397651.8106333731, 161321.58294846976, 311384.97976781084, 393863.05519812333, 186140.2696892857, 78060.69753723699], [149728.57317492872, 273063.0524714026, 398551.7924310465, 532889.0339460927, 418211.3049942576, 482793.2690344802, 508144.59371816594, 590390.6296893607, 260055.67312596733, 463809.37490525126, 562476.0094884047, 201199.22496123088, 64683.79337206499, 217773.5133688208, 0.0, 536542.986395312, 186578.73170594766, 256667.98227476678, 111289.53791799115, 152485.0894350001, 268285.976152314, 502655.7631719743, 512761.0188967177, 245380.29795605026, 152058.2967976427, 219700.7197302731, 518266.3130572929, 141580.95078434816, 299771.6318299648, 299839.4758033037, 396299.91483723535, 523866.1148136992, 115726.55540108324, 271878.8792826688, 170776.49867590098, 332017.10516929685, 580107.7065942151, 262827.3316266784, 434193.9925021993, 421771.12054406945, 29600.781239690295, 293385.05521754175, 212050.4804285998, 206292.37746460727, 552326.8308936295, 286360.9315619014, 149728.57317492872], [402089.2135148616, 524613.2486174934, 323367.751175036, 17926.41207827159, 124447.05952733473, 217929.98445601738, 279691.6929853298, 394424.4580715044, 435705.77873721166, 72924.22437023238, 394829.3207197256, 528605.2408224875, 545060.6875614861, 324478.54416740715, 536542.986395312, 0.0, 432045.5509839211, 405732.1507164548, 442693.6101865488, 447971.5406697171, 696707.6547950367, 137779.79714021937, 333186.04600132944, 335428.1825145286, 384494.8349783128, 515423.7698244038, 376650.119474294, 638573.5416731577, 259481.18428895765, 272713.77852979855, 442313.0579691267, 317814.56857733877, 432538.21290725283, 441434.2887112418, 657134.7207764934, 261677.27857993322, 44831.936161624806, 415094.4229931305, 109831.3735915198, 368309.54457494034, 559987.7498660127, 698731.819530927, 447042.7328567147, 621555.4852545345, 233427.43653007026, 418697.37952965504, 402089.2135148616], [80869.40861660858, 400182.7395078403, 217590.82155504628, 434215.60096914985, 307781.65149989043, 319965.4707933342, 333202.7254540394, 405605.24219985126, 347276.4190813998, 361951.6861751026, 377034.42896504817, 342619.19276362786, 150063.8863950951, 131773.1431286361, 186578.73170594766, 432045.5509839211, 0.0, 70123.4358114318, 193408.9466002026, 34108.51250054749, 265223.51069428213, 446488.4551978919, 527453.8208459581, 96699.87073414319, 140683.56780377732, 351898.05785909086, 332981.8660603006, 221878.47180382334, 269951.42271342076, 283474.5325862625, 469978.77944115736, 343926.65369959327, 93640.61618763518, 90761.80708315584, 233758.0118947798, 180755.94388567144, 470402.49321724474, 76600.99950392291, 322221.1236092382, 236021.48472120072, 215890.45399229674, 270242.49527045153, 35268.26654373587, 189524.2876915779, 525228.3788981703, 100782.1970885731, 80869.40861660858], [135072.81369690943, 457237.5107643728, 151965.71364949396, 410640.8901035064, 284882.91673949145, 265137.0612532318, 270189.6000959326, 336207.14039115823, 396454.99429317325, 340117.4585713001, 307327.38752834895, 404239.42472252756, 218266.88079046717, 152944.76944309016, 256667.98227476678, 405732.1507164548, 70123.4358114318, 0.0, 253458.9574763536, 104230.81658031855, 298337.37718395254, 441636.00184427894, 547101.7644140805, 88292.61718852831, 189618.333765488, 411370.8978829203, 263400.0960990713, 280903.0660210031, 288306.09709993994, 305533.7716603519, 510733.5514972558, 277586.7128034049, 157422.01640812508, 41867.5366483389, 288221.64322791586, 144275.0498180472, 440270.7554732656, 12787.225070358303, 297491.9599753916, 166297.2414082687, 286007.05957196234, 295768.7356702868, 54295.493597535344, 228717.00991618438, 529333.0721294485, 35425.732173096985, 135072.81369690943], [118552.79678269933, 207067.6655709432, 367680.32310690766, 436966.0012518136, 331594.7800026412, 425406.1948596894, 462774.0249030838, 561726.5131939207, 165257.67947360268, 371337.7775018319, 537022.4576309634, 150828.1327372317, 156451.95947957956, 149394.44643292465, 111289.53791799115, 442693.6101865488, 193408.9466002026, 253458.9574763536, 0.0, 166832.53954190112, 365086.0258213124, 395823.2560120742, 402776.91250864917, 204489.9584942987, 76106.2292128575, 158582.99089120497, 493305.50878740445, 249178.5466788825, 193632.5708655442, 191074.15445318609, 299103.6296168938, 485525.90301651263, 100158.1405827804, 283285.4942456462, 277090.58311317617, 276725.8627685529, 487206.8349274259, 263750.37914664694, 347402.7606755594, 402214.2036589459, 125528.13429665873, 385756.3811850687, 227865.00938055408, 294474.5850663517, 441458.9002670577, 288416.0373921672, 118552.79678269933], [66015.38173032102, 373817.07174097863, 250306.56453637013, 448906.5214496221, 323569.2014469239, 348444.51943602157, 364668.5181435327, 439401.82990629436, 325864.12525008025, 376556.8433185089, 410959.5554917783, 313749.34760888346, 117831.11059902639, 133784.29700454389, 152485.0894350001, 447971.5406697171, 34108.51250054749, 104230.81658031855, 166832.53954190112, 0.0, 254929.09308276288, 452442.18553313526, 520715.8774226114, 116639.75790869944, 124125.3625372349, 324302.5844022832, 366866.039924657, 196066.48266595695, 266953.1630267752, 278217.95637593203, 452465.8937422798, 376599.20505757845, 67090.96902713507, 122369.2056850906, 210905.01416514497, 204702.75553836595, 487752.2693437726, 110476.24744713232, 338585.52926107164, 269982.6348582442, 181782.703385113, 264075.68162365875, 63152.40494232981, 177813.2798752669, 526268.6724715808, 134373.65115602093, 66015.38173032102], [315170.3557205214, 539847.671223096, 435852.88372339576, 699296.7985769705, 572712.0071423333, 560069.2127987397, 553337.623540095, 582913.3024086858, 526099.1690023849, 627097.8960656781, 551631.531232579, 466639.8082300737, 209555.22094426566, 388574.24724883656, 268285.976152314, 696707.6547950367, 265223.51069428213, 298337.37718395254, 365086.0258213124, 254929.09308276288, 0.0, 707294.4021056578, 761311.3571332034, 361421.3581472462, 362485.2109052175, 486671.12226841657, 513998.38156359986, 136835.62447330743, 517209.0595204224, 525574.3251434568, 662134.4746348736, 549946.2030508075, 297145.5419907894, 273182.0821357066, 108767.7916480794, 439613.54122115026, 734100.5900079361, 292218.4221605476, 586907.0502430516, 427233.2391387636, 276318.6679361349, 33627.19323702168, 250721.87030652107, 77214.3121448349, 778403.0611611184, 298972.2489212, 315170.3557205214], [393746.60712823924, 425888.0464687873, 403564.23280563403, 120096.0084682251, 176328.12630150636, 327250.99025824195, 392386.1021048018, 513973.73048143217, 341418.8565750287, 134934.81759723838, 509335.77333621465, 445616.60721409385, 527202.1013093555, 318720.18389960803, 502655.7631719743, 137779.79714021937, 446488.4551978919, 441636.00184427894, 395823.2560120742, 452442.18553313526, 707294.4021056578, 0.0, 195431.8967057323, 357179.04911262635, 357209.91465103533, 428172.0506992487, 483980.29402032465, 624914.6766759442, 202905.6492560027, 205264.07990683606, 318712.9213728242, 431243.53038625396, 417478.62594988017, 482212.335232105, 648024.904035331, 310786.8692930896, 167942.40084028806, 453214.3449847985, 172451.8139220344, 453305.2179547462, 520865.42647789547, 715779.9177296049, 470386.535202699, 630102.1077968236, 103837.08694392383, 463930.9707542707, 393746.60712823924], [454842.3772308381, 331965.1572454555, 554782.1024961062, 315527.7008441573, 342214.6119396424, 505109.72137249546, 569747.9492064891, 693595.0083622286, 273921.7782962867, 317666.30487037817, 684759.6521773171, 381119.7523417017, 557413.0632887967, 397934.43005726463, 512761.0188967177, 333186.04600132944, 527453.8208459581, 547101.7644140805, 402776.91250864917, 520715.8774226114, 761311.3571332034, 195431.8967057323, 0.0, 459075.49011573254, 400621.02806143364, 357970.2938094165, 653993.6438911314, 651924.526402405, 259242.55293064844, 244059.38058185764, 177992.80884350356, 607868.3420363328, 465986.7815990063, 588857.3787429348, 679567.8774044578, 446103.9403827319, 361688.43118076096, 559816.0066039556, 344726.1494650501, 605377.4819275987, 520952.4078550746, 777669.0254375573, 558875.7341753175, 686437.1875852881, 120140.2851877754, 576976.2478863407, 454842.3772308381], [96679.21829431597, 395271.71667095023, 163197.8802711604, 337888.78440250125, 211294.1551486931, 237920.28602033918, 264140.69404391287, 357415.88171204703, 325478.7953922652, 265753.61827263987, 332532.8902905696, 351615.0540719211, 228711.48856146252, 71353.74026636587, 245380.29795605026, 335428.1825145286, 96699.87073414319, 88292.61718852831, 204489.9584942987, 116639.75790869944, 361421.3581472462, 357179.04911262635, 459075.49011573254, 0.0, 129995.27395255567, 354407.3159868458, 288854.8348651966, 312598.4344970397, 200773.82330622678, 218748.82428255468, 430878.34202359256, 283301.76601108577, 130034.34161789725, 130159.83683533108, 327343.52082330885, 89168.21883384234, 373716.48093842476, 100900.64729722998, 225596.8583557847, 199429.0757387197, 274399.00806125376, 364838.1918741513, 114179.58716425631, 286140.37311256863, 442230.1719693037, 118358.88749899606, 96679.21829431597], [59931.147995011735, 268685.4038648173, 292767.69481109077, 380887.2249432895, 267142.9041730287, 350165.5626271664, 386679.8966845832, 486366.54001894494, 207797.26899071605, 311797.876235551, 462123.22828981443, 221702.74017251117, 170066.69647523586, 74004.89848651909, 152058.2967976427, 384494.8349783128, 140683.56780377732, 189618.333765488, 76106.2292128575, 124125.3625372349, 362485.2109052175, 357209.91465103533, 400621.02806143364, 129995.27395255567, 0.0, 225370.50744274416, 418630.68524058285, 267920.6598976645, 157427.5726326236, 163540.33332789803, 329505.4902805111, 409533.38462816435, 65511.115469056116, 224490.48560016972, 291908.60406127124, 200786.80858064353, 428134.5619370153, 201151.24440330963, 283131.2085411991, 329117.9803657041, 176011.6420155212, 377350.424009302, 175809.23077301716, 286552.5050056272, 418219.2741254281, 225040.49635565595, 59931.147995011735], [276310.6370102317, 53363.382810687646, 515254.91264033574, 504914.8504946156, 427390.9926811748, 552783.4640480845, 598864.5177542246, 706494.701413252, 88700.77860424895, 452233.25839659333, 683850.0164509759, 24303.356249703527, 283052.8716070551, 289238.9464180092, 219700.7197302731, 515423.7698244038, 351898.05785909086, 411370.8978829203, 158582.99089120497, 324302.5844022832, 486671.12226841657, 428172.0506992487, 357970.2938094165, 354407.3159868458, 225370.50744274416, 0.0, 641051.1446054832, 353950.04679332935, 259135.10472338554, 243276.55559054593, 200445.3822117137, 625909.8117939996, 258384.8401609506, 441865.54091714375, 383804.61337769247, 413488.8216445518, 559654.5228978321, 421950.319943, 441547.421717079, 553831.7552515385, 210819.17014351426, 512796.74153118406, 386131.6129249197, 425868.74298309337, 436610.8944185886, 446526.9287792171, 276310.6370102317], [380382.1146229144, 678560.3146552264, 125934.44723347142, 391259.94076828257, 312914.89358130586, 159188.18462750304, 97928.77832894678, 73010.29465082305, 601249.6845113517, 349208.37618820084, 44262.45587402488, 639703.2969471081, 481494.14131949726, 351879.13141446735, 518266.3130572929, 376650.119474294, 332981.8660603006, 263400.0960990713, 493305.50878740445, 366866.039924657, 513998.38156359986, 483980.29402032465, 653993.6438911314, 288854.8348651966, 418630.68524058285, 641051.1446054832, 0.0, 535567.9421184581, 435048.02321123116, 457116.94619648485, 684061.9462080902, 63346.36927243737, 410283.2139205794, 261278.49366145697, 537077.3093791992, 233289.6067659252, 386426.61010856903, 259731.44303299132, 313055.2916419079, 97139.01443292496, 547822.9390049306, 498102.0810285779, 314525.39245663455, 462073.15573402436, 587687.2749388061, 239515.53837903714, 380382.1146229144], [236848.86003525543, 406656.6810590968, 432662.4933189842, 637861.4725197, 515038.85411685216, 541685.5464658439, 551086.7105093354, 608250.8045617368, 401331.8888401468, 566065.9021924922, 577771.986275728, 332918.4359569172, 97922.3735925555, 314888.9089821997, 141580.95078434816, 638573.5416731577, 221878.47180382334, 280903.0660210031, 249178.5466788825, 196066.48266595695, 136835.62447330743, 624914.6766759442, 651924.526402405, 312598.4344970397, 267920.6598976645, 353950.04679332935, 535567.9421184581, 0.0, 424885.8559954661, 428796.7241304439, 537451.1774338204, 557307.458343238, 208635.8460332261, 274458.7366527071, 29859.891577164162, 400703.2349507551, 679825.2077740277, 280623.151441573, 530524.5434944552, 440011.3918979826, 143367.4583892733, 167209.6363849883, 226617.99492758737, 101530.08482710931, 683926.1884516487, 297473.6374874251, 236848.86003525543], [202741.37003828294, 276395.39273475594, 319144.203300013, 250902.18462580192, 170175.06610840492, 313869.9820387416, 369984.8518858576, 489526.79255072435, 187763.40997382856, 193484.01096731483, 473018.4060900801, 270434.78534574655, 326965.7407512291, 139021.86203975254, 299771.6318299648, 259481.18428895765, 269951.42271342076, 288306.09709993994, 193632.5708655442, 266953.1630267752, 517209.0595204224, 202905.6492560027, 259242.55293064844, 200773.82330622678, 157427.5726326236, 259135.10472338554, 435048.02321123116, 424885.8559954661, 0.0, 22126.90669750299, 249016.467828937, 403343.5570329592, 221030.03896529536, 329935.44254899316, 449280.5373594543, 205416.34702476815, 304244.412438421, 301063.4899817644, 183518.19562375822, 367646.64166152803, 318155.9758986148, 529669.7585524399, 300318.5808437433, 440402.82270893763, 261376.72165860524, 319107.5494641265, 202741.37003828294], [212973.76158813553, 257822.5225324583, 340831.19355481537, 263065.21292257553, 189412.12507387166, 335559.36229674774, 391989.0695223529, 511643.43113637256, 168704.41050843932, 209131.6869821501, 495139.1849773152, 255898.91192617445, 331080.28576917714, 154243.56753200438, 299839.4758033037, 272713.77852979855, 283474.5325862625, 305533.7716603519, 191074.15445318609, 278217.95637593203, 525574.3251434568, 205264.07990683606, 244059.38058185764, 218748.82428255468, 163540.33332789803, 243276.55559054593, 457116.94619648485, 428796.7241304439, 22126.90669750299, 0.0, 226946.60440288592, 425436.65215869684, 228489.99567814782, 346924.8856020566, 454012.42411414254, 227095.65302973107, 317237.23378569545, 318317.7422010906, 202189.8319030905, 389127.5024012053, 316514.4309506282, 539222.6748987843, 314841.24570964335, 449172.8022153612, 255236.81283271025, 337059.0869936605, 212973.76158813553], [389428.4634242854, 162653.69846701922, 566830.38137524, 427006.66271148506, 400140.1262370471, 557659.4575769338, 616671.148688667, 737723.0616057763, 136276.4859577763, 399791.5222337763, 721873.5077906656, 224747.87123574727, 452594.30301871896, 359971.81920950423, 396299.91483723535, 442313.0579691267, 469978.77944115736, 510733.5514972558, 299103.6296168938, 452465.8937422798, 662134.4746348736, 318712.9213728242, 177992.80884350356, 430878.34202359256, 329505.4902805111, 200445.3822117137, 684061.9462080902, 537451.1774338204, 249016.467828937, 226946.60440288592, 0.0, 651151.0279881312, 387592.0543883737, 549430.9169495289, 566924.2806583609, 453275.4853563118, 480792.20173584344, 523211.7938750999, 409298.2263887787, 614238.4843242891, 396015.69571167254, 684215.677345236, 504896.1341206725, 593285.270759354, 284178.7608618913, 545099.9638827726, 389428.4634242854], [379092.1795882896, 659700.3453273311, 126338.56299641848, 333103.58186305955, 265715.5163421963, 104023.81037531744, 38873.231471026425, 86932.8943783652, 578474.9611046272, 296429.64173644985, 78111.98691622175, 626932.8956315819, 493983.8035047303, 338438.2375338224, 523866.1148136992, 317814.56857733877, 343926.65369959327, 277586.7128034049, 485525.90301651263, 376599.20505757845, 549946.2030508075, 431243.53038625396, 607868.3420363328, 283301.76601108577, 409533.38462816435, 625909.8117939996, 63346.36927243737, 557307.458343238, 403343.5570329592, 425436.65215869684, 651151.0279881312, 0.0, 411214.3852359739, 284768.61001521914, 562008.9156321278, 212425.38248759258, 325111.04641337553, 276788.00552047044, 263586.5050130602, 122735.95897291064, 553407.7158840487, 537009.3487314723, 331386.971681145, 492197.71560827055, 535060.9807535959, 260441.56854273478, 379092.1795882896], [34054.46006032104, 307217.8705739625, 287436.52886333014, 430826.9555459593, 310636.2020112917, 367081.3840281198, 393784.95559124654, 481256.41034691676, 259253.4884046886, 359677.8636849925, 454514.6346653757, 249004.35990158885, 112706.01137472657, 108176.15841764763, 115726.55540108324, 432538.21290725283, 93640.61618763518, 157422.01640812508, 100158.1405827804, 67090.96902713507, 297145.5419907894, 417478.62594988017, 465986.7815990063, 130034.34161789725, 65511.115469056116, 258384.8401609506, 410283.2139205794, 208635.8460332261, 221030.03896529536, 228489.99567814782, 387592.0543883737, 411214.3852359739, 0.0, 184154.38665695695, 230661.77755536354, 216310.32395611634, 474853.2174525092, 166646.57399718725, 326453.3848805982, 315526.5777236523, 144475.79598327185, 311849.54906172305, 127764.89394587232, 221062.00063556829, 482369.44865942735, 191408.02295097246, 34054.46006032104], [166958.50719565025, 489331.80269118, 164084.6770725408, 447192.86946461926, 322451.6213713307, 286936.6796437849, 282999.09120878816, 334127.3905638387, 432248.7890382112, 377568.04188119527, 303927.70727592445, 433129.4155619079, 225366.5139833334, 193659.25132820278, 271878.8792826688, 441434.2887112418, 90761.80708315584, 41867.5366483389, 283285.4942456462, 122369.2056850906, 273182.0821357066, 482212.335232105, 588857.3787429348, 130159.83683533108, 224490.48560016972, 441865.54091714375, 261278.49366145697, 274458.7366527071, 329935.44254899316, 346924.8856020566, 549430.9169495289, 284768.61001521914, 184154.38665695695, 0.0, 277477.4990877639, 179995.01555598702, 474427.69865386235, 29389.47515693332, 334429.4404280222, 165600.42459184697, 300375.83333217737, 266855.5754054991, 59937.811521609634, 208962.86751478116, 570791.2583642114, 25793.131353133525, 166958.50719565025], [257030.47119942805, 436492.42905805365, 438809.67542888114, 657062.8052172791, 533092.4081479682, 551783.5224297659, 557814.934028303, 609300.6323851963, 430744.43191409914, 584976.0091234512, 578506.1203219893, 362736.6684317977, 123162.08071074473, 334973.4849581382, 170776.49867590098, 657134.7207764934, 233758.0118947798, 288221.64322791586, 277090.58311317617, 210905.01416514497, 108767.7916480794, 648024.904035331, 679567.8774044578, 327343.52082330885, 291908.60406127124, 383804.61337769247, 537077.3093791992, 29859.891577164162, 449280.5373594543, 454012.42411414254, 566924.2806583609, 562008.9156321278, 230661.77755536354, 277477.4990877639, 0.0, 414214.67939342756, 697739.2573519137, 286635.06632999395, 548383.5729897459, 442768.2470830536, 173219.8350362914, 140249.37834086822, 234162.94807249078, 86203.03068918176, 709249.2249731402, 301569.2551056888, 257030.47119942805], [182288.5761642786, 447820.8863485489, 113736.52942216939, 267198.1392618594, 143119.53483015517, 151216.55415330693, 186602.1704053841, 294336.48474152846, 368432.52095872315, 197947.05257972394, 273919.19086657657, 414818.24031737074, 317873.4123043322, 127590.05643074229, 332017.10516929685, 261677.27857993322, 180755.94388567144, 144275.0498180472, 276725.8627685529, 204702.75553836595, 439613.54122115026, 310786.8692930896, 446103.9403827319, 89168.21883384234, 200786.80858064353, 413488.8216445518, 233289.6067659252, 400703.2349507551, 205416.34702476815, 227095.65302973107, 453275.4853563118, 212425.38248759258, 216310.32395611634, 179995.01555598702, 414214.67939342756, 0.0, 296053.84328699403, 153420.83667155512, 154554.7839764269, 162554.95224692483, 360526.52901693655, 439152.30273789976, 188953.9378393581, 366743.5965698651, 406419.58152874466, 158092.9552510168, 182288.5761642786], [443882.57526625216, 567924.3110881941, 346750.169430384, 55305.57159997536, 164786.53805757314, 231246.5040276285, 288500.62933206925, 395988.0182846446, 479241.90720866644, 116380.08850314558, 399913.61567218485, 573078.7298661502, 587133.0007970937, 366681.0134503831, 580107.7065942151, 44831.936161624806, 470402.49321724474, 440270.7554732656, 487206.8349274259, 487752.2693437726, 734100.5900079361, 167942.40084028806, 361688.43118076096, 373716.48093842476, 428134.5619370153, 559654.5228978321, 386426.61010856903, 679825.2077740277, 304244.412438421, 317237.23378569545, 480792.20173584344, 325111.04641337553, 474853.2174525092, 474427.69865386235, 697739.2573519137, 296053.84328699403, 0.0, 449021.66150420846, 149363.49328065413, 388855.15378479945, 603862.9832172196, 734923.1936910143, 483667.2952557368, 659630.3595575328, 254165.35095287865, 450904.9962298045, 443882.57526625216], [145695.1976730874, 468237.15745869634, 152247.33987823888, 420357.5576220796, 294992.9247032885, 269163.3391177186, 271179.9736798423, 332701.6653475002, 408319.56924080924, 350197.1908796528, 303382.9634307108, 414399.3793733287, 221904.7726503421, 165693.0614871969, 262827.3316266784, 415094.4229931305, 76600.99950392291, 12787.225070358303, 263750.37914664694, 110476.24744713232, 292218.4221605476, 453214.3449847985, 559816.0066039556, 100900.64729722998, 201151.24440330963, 421950.319943, 259731.44303299132, 280623.151441573, 301063.4899817644, 318317.7422010906, 523211.7938750999, 276788.00552047044, 166646.57399718725, 29389.47515693332, 286635.06632999395, 153420.83667155512, 449021.66150420846, 0.0, 307331.67039047566, 162641.5249098458, 291980.30755515007, 288411.668669976, 55001.136351897345, 224168.08704630547, 541448.7077507896, 24766.926030494753, 145695.1976730874], [294969.67005100707, 459799.7199868655, 233018.09613203863, 113218.82849155435, 15991.013101114002, 160393.28227827998, 225204.83176432963, 348911.80117617117, 370855.59352664487, 43828.821852748915, 341071.8078718908, 451193.33023660706, 438341.39948218444, 218379.21432682188, 434193.9925021993, 109831.3735915198, 322221.1236092382, 297491.9599753916, 347402.7606755594, 338585.52926107164, 586907.0502430516, 172451.8139220344, 344726.1494650501, 225596.8583557847, 283131.2085411991, 441547.421717079, 313055.2916419079, 530524.5434944552, 183518.19562375822, 202189.8319030905, 409298.2263887787, 263586.5050130602, 326453.3848805982, 334429.4404280222, 548383.5729897459, 154554.7839764269, 149363.49328065413, 307331.67039047566, 0.0, 281981.50870225515, 459074.2648254201, 589218.0337107817, 337499.5083329752, 511725.92334666796, 275437.7833558787, 312619.3072252576, 294969.67005100707], [286818.86705724226, 594034.932684939, 50674.75332944404, 379816.71319861646, 276977.28471844044, 162522.2484769393, 131284.28123732103, 170067.4902795946, 520860.99873190734, 323777.9534264185, 141037.67448806012, 550816.012839133, 384355.5726797778, 266910.65921015595, 421771.12054406945, 368309.54457494034, 236021.48472120072, 166297.2414082687, 402214.2036589459, 269982.6348582442, 427233.2391387636, 453305.2179547462, 605377.4819275987, 199429.0757387197, 329117.9803657041, 553831.7552515385, 97139.01443292496, 440011.3918979826, 367646.64166152803, 389127.5024012053, 614238.4843242891, 122735.95897291064, 315526.5777236523, 165600.42459184697, 442768.2470830536, 162554.95224692483, 388855.15378479945, 162641.5249098458, 281981.50870225515, 0.0, 451283.3263316959, 414401.02859428327, 217509.3747979613, 370551.8055886383, 554461.8167646894, 142931.66199271596, 286818.86705724226], [178339.60756096776, 263775.6823988898, 428140.2836687993, 555743.3096763289, 443083.40143250674, 511489.0303075912, 537494.840091512, 619973.4858241923, 260623.18704405404, 487483.86896388687, 592025.9052609099, 190350.78309531583, 85000.01838235096, 244216.2271942632, 29600.781239690295, 559987.7498660127, 215890.45399229674, 286007.05957196234, 125528.13429665873, 181782.703385113, 276318.6679361349, 520865.42647789547, 520952.4078550746, 274399.00806125376, 176011.6420155212, 210819.17014351426, 547822.9390049306, 143367.4583892733, 318155.9758986148, 316514.4309506282, 396015.69571167254, 553407.7158840487, 144475.79598327185, 300375.83333217737, 173219.8350362914, 360526.52901693655, 603862.9832172196, 291980.30755515007, 459074.2648254201, 451283.3263316959, 0.0, 303504.391442694, 240685.73908730026, 219979.61553289433, 566253.1042961265, 315361.6584573971, 178339.60756096776], [326932.9747822939, 566109.4693166685, 426719.13552710525, 702168.5574881575, 575471.3687491326, 553158.0752822831, 542627.980295893, 565608.1826229178, 548638.4260148025, 630311.0883722418, 534376.557892466, 493367.7862406502, 232352.29985950212, 397651.8106333731, 293385.05521754175, 698731.819530927, 270242.49527045153, 295768.7356702868, 385756.3811850687, 264075.68162365875, 33627.19323702168, 715779.9177296049, 777669.0254375573, 364838.1918741513, 377350.424009302, 512796.74153118406, 498102.0810285779, 167209.6363849883, 529669.7585524399, 539222.6748987843, 684215.677345236, 537009.3487314723, 311849.54906172305, 266855.5754054991, 140249.37834086822, 439152.30273789976, 734923.1936910143, 288411.668669976, 589218.0337107817, 414401.02859428327, 303504.391442694, 0.0, 251718.64874299642, 91658.3772767116, 790071.6937405111, 292424.1824815451, 326932.9747822939], [116085.00387646978, 434842.29684449965, 206125.81716029652, 450482.3539829279, 323801.5798679803, 318188.72642662877, 324483.5367549485, 387522.85174554546, 382544.68121384206, 378731.4648930031, 358039.6940284694, 376267.7346318709, 167661.9086882885, 161321.58294846976, 212050.4804285998, 447042.7328567147, 35268.26654373587, 54295.493597535344, 227865.00938055408, 63152.40494232981, 250721.87030652107, 470386.535202699, 558875.7341753175, 114179.58716425631, 175809.23077301716, 386131.6129249197, 314525.39245663455, 226617.99492758737, 300318.5808437433, 314841.24570964335, 504896.1341206725, 331386.971681145, 127764.89394587232, 59937.811521609634, 234162.94807249078, 188953.9378393581, 483667.2952557368, 55001.136351897345, 337499.5083329752, 217509.3747979613, 240685.73908730026, 251718.64874299642, 0.0, 178170.2310993618, 552342.0051245424, 75836.42347183838, 116085.00387646978], [238100.1955585085, 479225.73295368854, 373039.1283096184, 623694.173854462, 497305.11572373746, 493329.39110192895, 491931.03746866784, 533244.393430442, 458053.8348545943, 551394.8279137192, 502131.6373721137, 407455.5075403939, 143169.18531932772, 311384.97976781084, 206292.37746460727, 621555.4852545345, 189524.2876915779, 228717.00991618438, 294474.5850663517, 177813.2798752669, 77214.3121448349, 630102.1077968236, 686437.1875852881, 286140.37311256863, 286552.5050056272, 425868.74298309337, 462073.15573402436, 101530.08482710931, 440402.82270893763, 449172.8022153612, 593285.270759354, 492197.71560827055, 221062.00063556829, 208962.86751478116, 86203.03068918176, 366743.5965698651, 659630.3595575328, 224168.