{"max_q": 960000.0, "init_soc": 960000.0, "t_max": 20000, "css": [{"node_id": 21, "type": 2}, {"node_id": 22, "type": 1}, {"node_id": 23, "type": 1}, {"node_id": 24, "type": 0}], "process_times": [0, 0, 0, 0, 0, 0, 0, 0, 0, 0, 0, 0, 0, 0, 0, 0, 0, 0, 0, 0, 0, 0, 0, 0, 0], "breakpoints_by_type": {"0": {"time": [0.0, 19.0, 23.0, 31.0], "charge": [0.0, 816000.0, 912000.0, 960000.0]}, "1": {"time": [0.0, 37.0, 46.0, 66.0], "charge": [0.0, 816000.0, 912000.0, 960000.0]}, "2": {"time": [0.0, 76.0, 92.0, 122.0], "charge": [0.0, 816000.0, 912000.0, 960000.0]}}, "energy_matrix": [[0.0, 331981.97428474936, 104762.83930860217, 241739.62490663375, 450571.7492808443, 450371.20939287404, 143675.29798124658, 297957.78329320415, 427298.8210842619, 360689.41799004865, 463870.00401513354, 411801.56780906016, 329772.4755418499, 176707.7035672186, 275078.12072209595, 62163.19248558587, 430880.221900472, 37278.09343300701, 438984.91147190926, 351187.03350209276, 295679.5742438088, 705238.4995517473, 742353.9591226007, 671170.021771682, 0.0], [331981.97428474936, 0.0, 285370.2791987981, 299519.3900234173, 203611.22881609452, 146700.99692912793, 256607.039069469, 144155.48246598186, 98328.91868621357, 78822.10984235325, 221989.62391292074, 317893.8502078957, 200034.336115078, 162225.01733703096, 237611.48173015547, 287874.2889700294, 436856.3300731718, 329867.01866055053, 145890.44262733596, 435567.16043567844, 92572.39396818037, 444488.90312357625, 435994.99782107596, 441792.22845699766, 331981.97428474936], [104762.83930860217, 285370.2791987981, 0.0, 137792.9833119234, 364134.15282008366, 379467.7604882924, 42600.660206151726, 213003.65753901974, 383678.53731998097, 334570.70441089134, 375522.5134728942, 307799.36037945235, 234050.77574107717, 165243.22981592923, 173004.04619545751, 47076.586537258634, 329817.5717347395, 74115.25652657487, 365310.4570088297, 259030.58699697995, 279276.3248558675, 613045.3663881654, 663055.2677756206, 574028.8783023028, 104762.83930860217], [241739.62490663375, 299519.3900234173, 137792.9833119234, 0.0, 291266.0510598515, 338616.98495497834, 107402.61868315874, 170095.91595626276, 388789.3083020674, 369769.9284690414, 296999.78219688986, 181170.81718643318, 152007.9048109012, 250592.610126476, 77777.92906731318, 184388.41137663723, 194325.00000000003, 207932.3567894136, 320449.31151431735, 144471.45479297978, 334175.16458438383, 515329.88463701576, 590847.5485478467, 465158.8337600395, 241739.62490663375], [450571.7492808443, 203611.22881609452, 364134.15282008366, 291266.0510598515, 0.0, 92975.07730569516, 322329.3734675759, 152754.60099453633, 216417.12328279382, 270458.1529553139, 18384.181379653553, 186628.99694313316, 139808.63036665515, 324274.5538120436, 214468.9750290237, 391252.1773102355, 328935.61015037587, 432448.64724033995, 76737.05916960849, 377326.6770982407, 295508.00433321594, 257953.81854122644, 301815.925896895, 241239.93372781388, 450571.7492808443], [450371.20939287404, 146700.99692912793, 379467.7604882924, 338616.98495497834, 92975.07730569516, 0.0, 341194.4460274815, 173128.9999537917, 128279.42644867103, 196422.86654053288, 107799.63184074423, 271165.69196710706, 191847.02401913874, 297734.7918030407, 261555.1208636527, 396571.3633761268, 411355.5009052389, 439438.99747291434, 19639.405540901684, 446131.3833950712, 237006.23013963157, 299376.13882873155, 295035.0244038833, 304800.26759338647, 450371.20939287404], [143675.29798124658, 256607.039069469, 42600.660206151726, 107402.61868315874, 322329.3734675759, 341194.4460274815, 0.0, 172207.85587481194, 354240.12512701045, 312570.95594440633, 333411.78087314195, 268279.560347038, 191451.14422483873, 158400.03551135966, 131617.15788604465, 82142.01878454168, 301725.93213875405, 115844.3891606322, 326361.27412730816, 241890.9180808573, 262779.76163510006, 570478.792331494, 622064.4183884816, 531571.1176550133, 143675.29798124658], [297957.78329320415, 144155.48246598186, 213003.65753901974, 170095.91595626276, 152754.60099453633, 173128.9999537917, 172207.85587481194, 0.0, 222585.00202169956, 222034.77345902377, 165952.88488001647, 182255.94126118353, 60663.1787000978, 189096.41885821105, 97919.24287391115, 238508.5965431854, 292944.3739859156, 279872.8785091546, 156621.3527109251, 295680.1830102924, 209637.46385128782, 408058.7342834362, 450055.6965532155, 379986.10665391444, 297957.78329320415], [427298.8210842619, 98328.91868621357, 383678.53731998097, 388789.3083020674, 216417.12328279382, 128279.42644867103, 354240.12512701045, 222585.00202169956, 0.0, 88459.12191515355, 233163.46867594845, 373700.9850803179, 268121.3915841107, 253125.78888765958, 320384.5501892999, 385481.0306616915, 505263.33295124443, 427106.252880943, 140473.3782607936, 518185.4156573687, 150986.32595371013, 414689.9820950585, 374629.8348036366, 429662.6678279136, 427298.8210842619], [360689.41799004865, 78822.10984235325, 334570.70441089134, 369769.9284690414, 270458.1529553139, 196422.86654053288, 312570.95594440633, 222034.77345902377, 88459.12191515355, 0.0, 288643.74343643757, 396580.54036979674, 278776.17029617145, 184039.57794452802, 312813.64460330055, 327127.4923481669, 514978.55841287214, 366279.29916936334, 202252.54324729767, 509286.7475695789, 67907.80974968932, 493823.78436037275, 462480.9246066264, 500823.7919917544, 360689.41799004865], [463870.00401513354, 221989.62391292074, 375522.5134728942, 296999.78219688986, 18384.181379653553, 107799.63184074423, 333411.78087314195, 165952.88488001647, 233163.46867594845, 288643.74343643757, 0.0, 181005.02237507113, 147152.40823717433, 340911.8296935441, 221222.55338233485, 404012.6367144968, 323291.8128409689, 444797.05273866194, 92842.27552683097, 376588.6225379094, 313847.6959450236, 242740.89195065584, 294098.7079196371, 223532.43892106586, 463870.00401513354], [411801.56780906016, 317893.8502078957, 307799.36037945235, 181170.81718643318, 186628.99694313316, 271165.69196710706, 268279.560347038, 182255.94126118353, 373700.9850803179, 396580.54036979674, 181005.02237507113, 0.0, 121601.64729558557, 358773.6142053927, 139036.20481730645, 350403.4192898237, 142387.94936721295, 381604.83487503143, 251882.85223492287, 205899.49307854063, 391562.15742203686, 349519.5058934479, 450384.0173951558, 290441.7293107173, 411801.56780906016], [329772.4755418499, 200034.336115078, 234050.77574107717, 152007.9048109012, 139808.63036665515, 191847.02401913874, 191451.14422483873, 60663.1787000978, 268121.3915841107, 278776.17029617145, 147152.40823717433, 121601.64729558557, 0.0, 243887.23444452765, 74704.25439692171, 267987.3842646329, 238363.02670506597, 306263.4252159405, 172748.8368267642, 255752.2104010051, 270082.0292059433, 379192.0860527023, 441050.57108000666, 341405.86550321605, 329772.4755418499], [176707.7035672186, 162225.01733703096, 165243.22981592923, 250592.610126476, 324274.5538120436, 297734.7918030407, 158400.03551135966, 189096.41885821105, 253125.78888765958, 184039.57794452802, 340911.8296935441, 358773.6142053927, 243887.23444452765, 0.0, 229222.87189545465, 146862.18029159174, 435172.4981257433, 183536.0489113787, 290788.14453137526, 393956.20314953796, 120312.83441511968, 581115.9619645635, 592515.1944254257, 563028.6765565322, 176707.7035672186], [275078.12072209595, 237611.48173015547, 173004.04619545751, 77777.92906731318, 214468.9750290237, 261555.1208636527, 131617.15788604465, 97919.24287391115, 320384.5501892999, 312813.64460330055, 221222.55338233485, 139036.20481730645, 74704.25439692171, 229222.87189545465, 0.0, 213109.93641780294, 209937.9685168931, 247064.54875194054, 243149.76866121017, 198416.94736085422, 288083.4351798104, 447278.88531653257, 515314.80487659184, 403085.78879067424, 275078.12072209595], [62163.19248558587, 287874.2889700294, 47076.586537258634, 184388.41137663723, 391252.1773102355, 396571.3633761268, 82142.01878454168, 238508.5965431854, 385481.0306616915, 327127.4923481669, 404012.6367144968, 350403.4192898237, 267987.3842646329, 146862.18029159174, 213109.93641780294, 0.0, 376880.52234760026, 42951.498809703946, 384058.1791864352, 304833.80718024046, 266465.8385703504, 644563.3958347308, 685947.790013934, 609380.4276681358, 62163.19248558587], [430880.221900472, 436856.3300731718, 329817.5717347395, 194325.00000000003, 328935.61015037587, 411355.5009052389, 301725.93213875405, 292944.3739859156, 505263.33295124443, 514978.55841287214, 323291.8128409689, 142387.94936721295, 238363.02670506597, 435172.4981257433, 209937.9685168931, 376880.52234760026, 0.0, 395002.47230238956, 391838.94092471205, 107783.45478319019, 496811.0506017353, 463247.5586821802, 581085.1411368217, 392662.5555104536, 430880.221900472], [37278.09343300701, 329867.01866055053, 74115.25652657487, 207932.3567894136, 432448.64724033995, 439438.99747291434, 115844.3891606322, 279872.8785091546, 427106.252880943, 366279.29916936334, 444797.05273866194, 381604.83487503143, 306263.4252159405, 183536.0489113787, 247064.54875194054, 42951.498809703946, 395002.47230238956, 0.0, 426798.5429333141, 314029.7378434087, 303845.1054813949, 684343.7623007897, 728273.8242755949, 647138.3724714522, 37278.09343300701], [438984.91147190926, 145890.44262733596, 365310.4570088297, 320449.31151431735, 76737.05916960849, 19639.405540901684, 326361.27412730816, 156621.3527109251, 140473.3782607936, 202252.54324729767, 92842.27552683097, 251882.85223492287, 172748.8368267642, 290788.14453137526, 243149.76866121017, 384058.1791864352, 391838.94092471205, 426798.5429333141, 0.0, 426663.9719966991, 237837.10943626944, 298618.4124430373, 304112.60763901257, 298905.2995933662, 438984.91147190926], [351187.03350209276, 435567.16043567844, 259030.58699697995, 144471.45479297978, 377326.6770982407, 446131.3833950712, 241890.9180808573, 295680.1830102924, 518185.4156573687, 509286.7475695789, 376588.6225379094, 205899.49307854063, 255752.2104010051, 393956.20314953796, 198416.94736085422, 304833.80718024046, 107783.45478319019, 314029.7378434087, 426663.9719966991, 0.0, 477592.3032514239, 551518.4550402642, 656124.1122112493, 486048.012674674, 351187.03350209276], [295679.5742438088, 92572.39396818037, 279276.3248558675, 334175.16458438383, 295508.00433321594, 237006.23013963157, 262779.76163510006, 209637.46385128782, 150986.32595371013, 67907.80974968932, 313847.6959450236, 391562.15742203686, 270082.0292059433, 120312.83441511968, 288083.4351798104, 266465.8385703504, 496811.0506017353, 303845.1054813949, 237837.10943626944, 477592.3032514239, 0.0, 536054.1722857867, 518666.3486770662, 534352.2363572553, 295679.5742438088], [705238.4995517473, 444488.90312357625, 613045.3663881654, 515329.88463701576, 257953.81854122644, 299376.13882873155, 570478.792331494, 408058.7342834362, 414689.9820950585, 493823.78436037275, 242740.89195065584, 349519.5058934479, 379192.0860527023, 581115.9619645635, 447278.88531653257, 644563.3958347308, 463247.5586821802, 684343.7623007897, 298618.4124430373, 551518.4550402642, 536054.1722857867, 0.0, 153612.02955823482, 79806.80187177024, 705238.4995517473], [742353.9591226007, 435994.99782107596, 663055.2677756206, 590847.5485478467, 301815.925896895, 295035.0244038833, 622064.4183884816, 450055.6965532155, 374629.8348036366, 462480.9246066264, 294098.7079196371, 450384.0173951558, 441050.57108000666, 592515.1944254257, 515314.80487659184, 685947.790013934, 581085.1411368217, 728273.8242755949, 304112.60763901257, 656124.1122112493, 518666.3486770662, 153612.02955823482, 0.0, 230151.15956692462, 742353.9591226007], [671170.021771682, 441792.22845699766, 574028.8783023028, 465158.8337600395, 241239.93372781388, 304800.26759338647, 531571.1176550133, 379986.10665391444, 429662.6678279136, 500823.7919917544, 223532.43892106586, 290441.7293107173, 341405.86550321605, 563028.6765565322, 403085.78879067424, 609380.4276681358, 392662.5555104536, 647138.3724714522, 298905.2995933662, 486048.012674674, 534352.2363572553, 79806.80187177024, 230151.15956692462, 0.0, 671170.021771682], [0.0, 331981.97428474936, 104762.83930860217, 241739.62490663375, 450571.7492808443, 450371.20939287404, 143675.29798124658, 297957.78329320415, 427298.8210842619, 360689.41799004865, 463870.00401513354, 411801.56780906016, 329772.4755418499, 176707.7035672186, 275078.12072209595, 62163.19248558587, 430880.221900472, 37278.09343300701, 438984.91147190926, 351187.03350209276, 295679.5742438088, 705238.4995517473, 742353.9591226007, 671170.021771682, 0.0]], "time_matrix": [[0.0, 66.39636165876904, 20.95255738544174, 48.34790080737635, 90.11430479901645, 90.07419684147638, 28.7350452287267, 59.591526862877394, 85.45972148699163, 72.13784752908597, 92.7739544160495, 82.36027238167584, 65.95446213113891, 35.3415230426822, 55.01559663662087, 12.432632280801032, 86.17600129209376, 7.455614958793922, 87.79693839591265, 70.23737158173276, 59.13588528081912, 141.04762938653477, 148.47071758916135, 134.23393723736777, 0.0], [66.39636165876904, 0.0, 57.074027302745975, 59.903848052759436, 40.7222254021062, 29.34018471573323, 51.32138215320272, 28.83108207765533, 19.665773904355763, 15.764414086263608, 44.397902583632856, 63.57873825221001, 40.00684721959199, 32.444987244912575, 47.5222725848948, 57.57482900659138, 87.3712223290232, 65.97337074542473, 29.17807393643022, 87.11338853044143, 18.514469536401307, 88.89773617584716, 87.19895596473721, 88.35840151219877, 66.39636165876904], [20.95255738544174, 57.074027302745975, 0.0, 27.558582883093237, 72.82679415061965, 75.8935141509014, 8.520127781166455, 42.60071020744885, 76.73566909616164, 66.91410742512456, 75.10446514234627, 61.559841295969825, 46.81013174314956, 33.04862943887113, 34.60079193869553, 9.415312599795426, 65.96348136520722, 14.823043893793027, 73.0620548707385, 51.80609149635024, 55.85523704355498, 122.60901197312708, 132.61098724963048, 114.80571825760144, 20.95255738544174], [48.34790080737635, 59.903848052759436, 27.558582883093237, 0.0, 58.25318108537975, 67.7233631293141, 21.48051299637525, 34.01916618166946, 77.75782278150209, 73.95394871683392, 59.399926739414596, 36.234145320213976, 30.40156576139736, 50.11849696604672, 15.555578035673616, 36.87766383649553, 38.86498056750972, 41.58645056465744, 64.08983025794834, 28.894276511457704, 66.834999499377, 103.06592539444046, 118.16945062484403, 93.03172023614778, 48.34790080737635], [90.11430479901645, 40.7222254021062, 72.82679415061965, 58.25318108537975, 0.0, 18.59500616363595, 64.46584246059395, 30.5509049234548, 43.28340301485726, 54.09160354526101, 3.676834437513492, 37.325780725736266, 27.961712092474983, 64.85487833496956, 42.893773558917964, 78.25039633684894, 65.7870891365306, 86.48968620322489, 15.347404160219618, 75.4652976869993, 59.101571315857534, 51.590737912876335, 60.363154997801495, 48.247962621581465, 90.11430479901645], [90.07419684147638, 29.34018471573323, 75.8935141509014, 67.7233631293141, 18.59500616363595, 0.0, 68.23885508606875, 34.625782677867, 25.655872461797976, 39.28455366582975, 21.55991558819105, 54.23311127686577, 38.36938561913494, 59.546928587143846, 52.31099801723153, 79.31423301810885, 82.27105904551826, 87.8877555507051, 3.927879144240764, 89.2262320658982, 47.401222327315146, 59.8751978281474, 59.00697537728897, 60.96002303866578, 90.07419684147638], [28.7350452287267, 51.32138215320272, 8.520127781166455, 21.48051299637525, 64.46584246059395, 68.23885508606875, 0.0, 34.44155395418541, 70.84798960140729, 62.514159931801295, 66.68232283346697, 53.65588524146498, 38.29020969986289, 31.6799912622763, 26.32341841549972, 16.428395542710565, 60.34515625517268, 23.168866247693316, 65.27222218935054, 48.37815942709174, 52.555926049056986, 114.0957014184481, 124.4128214712856, 106.31417037391749, 28.7350452287267], [59.591526862877394, 28.83108207765533, 42.60071020744885, 34.01916618166946, 30.5509049234548, 34.625782677867, 34.44155395418541, 0.0, 44.516978145850835, 44.406932488338505, 33.1905603807231, 36.451170026651695, 12.132629673704724, 37.81926486200978, 19.58383878286284, 47.701695457789356, 58.58884550276037, 55.974547714557055, 31.32425488005758, 59.13600703405496, 41.92747180652166, 81.61170605083421, 90.01109430509595, 75.99718333219123, 59.591526862877394], [85.45972148699163, 19.665773904355763, 76.73566909616164, 77.75782278150209, 43.28340301485726, 25.655872461797976, 70.84798960140729, 44.516978145850835, 0.0, 17.69181553712294, 46.63267041885448, 74.74015964598375, 53.62425150469638, 50.62513246496568, 64.07687799942099, 77.09616758425452, 101.05261606394086, 85.42120786558466, 28.09466160482792, 103.63703131295809, 30.197250092116978, 82.93795495003423, 74.92592949776257, 85.93249059933741, 85.45972148699163], [72.13784752908597, 15.764414086263608, 66.91410742512456, 73.95394871683392, 54.09160354526101, 39.28455366582975, 62.514159931801295, 44.406932488338505, 17.69181553712294, 0.0, 57.728719822927594, 79.31606841592514, 55.7552061816312, 36.807897184957014, 62.56269763931129, 65.4254657569005, 102.99566018474434, 73.25582320596106, 40.450488424215315, 101.85729858526649, 13.581555159160283, 98.7647074897208, 92.49613867325594, 100.16470831599672, 72.13784752908597], [92.7739544160495, 44.397902583632856, 75.10446514234627, 59.399926739414596, 3.676834437513492, 21.55991558819105, 66.68232283346697, 33.1905603807231, 46.63267041885448, 57.728719822927594, 0.0, 36.20098637452104, 29.430466932201398, 68.1823318475429, 44.2444885542227, 80.8024869416559, 64.65833023902866, 88.95936606804935, 18.568445821143282, 75.31768684873846, 62.76950780425082, 48.54815411605411, 58.81971217407133, 44.70646543098045, 92.7739544160495], [82.36027238167584, 63.57873825221001, 61.559841295969825, 36.234145320213976, 37.325780725736266, 54.23311127686577, 53.65588524146498, 36.451170026651695, 74.74015964598375, 79.31606841592514, 36.20098637452104, 0.0, 24.320317298958464, 71.75468696373505, 27.80722705984776, 70.08064881764032, 28.477575634654773, 76.32092881454189, 50.37654525871195, 41.17987802576911, 78.3123923282112, 69.90386622675646, 90.07675844065193, 58.08831681798506, 82.36027238167584], [65.95446213113891, 40.00684721959199, 46.81013174314956, 30.40156576139736, 27.961712092474983, 38.36938561913494, 38.29020969986289, 12.132629673704724, 53.62425150469638, 55.7552061816312, 29.430466932201398, 24.320317298958464, 0.0, 48.77742250019428, 14.940843408962637, 53.597450054201545, 47.672581504722444, 61.25265441686089, 34.549750090477794, 51.15041650499277, 54.01637883299924, 75.8383792913508, 88.21007011096629, 68.28113896007373, 65.95446213113891], [35.3415230426822, 32.444987244912575, 33.04862943887113, 50.11849696604672, 64.85487833496956, 59.546928587143846, 31.6799912622763, 37.81926486200978, 50.62513246496568, 36.807897184957014, 68.1823318475429, 71.75468696373505, 48.77742250019428, 0.0, 45.8445514568152, 29.372421372107663, 87.0344561079206, 36.70719142868003, 58.15759982747514, 78.79120123430697, 24.062554851746512, 116.22313428134555, 118.50297963359532, 112.60567900846692, 35.3415230426822], [55.01559663662087, 47.5222725848948, 34.60079193869553, 15.555578035673616, 42.893773558917964, 52.31099801723153, 26.32341841549972, 19.58383878286284, 64.07687799942099, 62.56269763931129, 44.2444885542227, 27.80722705984776, 14.940843408962637, 45.8445514568152, 0.0, 42.6219659725776, 41.987572709592264, 49.412885043945586, 48.629929417277324, 39.68336963048603, 57.61665822763297, 89.45573233544035, 103.06290944386365, 80.61711744957611, 55.01559663662087], [12.432632280801032, 57.57482900659138, 9.415312599795426, 36.87766383649553, 78.25039633684894, 79.31423301810885, 16.428395542710565, 47.701695457789356, 77.09616758425452, 65.4254657569005, 80.8024869416559, 70.08064881764032, 53.597450054201545, 29.372421372107663, 42.6219659725776, 0.0, 75.37606678148666, 8.590295466793055, 76.81159743148832, 60.96673095268261, 53.29314106749954, 128.91261471063882, 137.1894894080421, 121.87602459561487, 12.432632280801032], [86.17600129209376, 87.3712223290232, 65.96348136520722, 38.86498056750972, 65.7870891365306, 82.27105904551826, 60.34515625517268, 58.58884550276037, 101.05261606394086, 102.99566018474434, 64.65833023902866, 28.477575634654773, 47.672581504722444, 87.0344561079206, 41.987572709592264, 75.37606678148666, 0.0, 79.00045496025044, 78.3677490010679, 21.556680178297945, 99.36216043926683, 92.64946541170333, 116.21697011887929, 78.5324718358548, 86.17600129209376], [7.455614958793922, 65.97337074542473, 14.823043893793027, 41.58645056465744, 86.48968620322489, 87.8877555507051, 23.168866247693316, 55.974547714557055, 85.42120786558466, 73.25582320596106, 88.95936606804935, 76.32092881454189, 61.25265441686089, 36.70719142868003, 49.412885043945586, 8.590295466793055, 79.00045496025044, 0.0, 85.35966590682987, 62.80591616572366, 60.76899071178363, 136.86868402581592, 145.65469202777297, 129.42760978048554, 7.455614958793922], [87.79693839591265, 29.17807393643022, 73.0620548707385, 64.08983025794834, 15.347404160219618, 3.927879144240764, 65.27222218935054, 31.32425488005758, 28.09466160482792, 40.450488424215315, 18.568445821143282, 50.37654525871195, 34.549750090477794, 58.15759982747514, 48.629929417277324, 76.81159743148832, 78.3677490010679, 85.35966590682987, 0.0, 85.33275173296396, 47.56739810355484, 59.72365262678115, 60.822491116556954, 59.78103002815823, 87.79693839591265], [70.23737158173276, 87.11338853044143, 51.80609149635024, 28.894276511457704, 75.4652976869993, 89.2262320658982, 48.37815942709174, 59.13600703405496, 103.63703131295809, 101.85729858526649, 75.31768684873846, 41.17987802576911, 51.15041650499277, 78.79120123430697, 39.68336963048603, 60.96673095268261, 21.556680178297945, 62.80591616572366, 85.33275173296396, 0.0, 95.51841289107833, 110.3036358562349, 131.22475682987144, 97.20955393015782, 70.23737158173276], [59.13588528081912, 18.514469536401307, 55.85523704355498, 66.834999499377, 59.101571315857534, 47.401222327315146, 52.555926049056986, 41.92747180652166, 30.197250092116978, 13.581555159160283, 62.76950780425082, 78.3123923282112, 54.01637883299924, 24.062554851746512, 57.61665822763297, 53.29314106749954, 99.36216043926683, 60.76899071178363, 47.56739810355484, 95.51841289107833, 0.0, 107.21078085176691, 103.7332178688043, 106.87039383625412, 59.13588528081912], [141.04762938653477, 88.89773617584716, 122.60901197312708, 103.06592539444046, 51.590737912876335, 59.8751978281474, 114.0957014184481, 81.61170605083421, 82.93795495003423, 98.7647074897208, 48.54815411605411, 69.90386622675646, 75.8383792913508, 116.22313428134555, 89.45573233544035, 128.91261471063882, 92.64946541170333, 136.86868402581592, 59.72365262678115, 110.3036358562349, 107.21078085176691, 0.0, 30.72239055045169, 15.961352393677851, 141.04762938653477], [148.47071758916135, 87.19895596473721, 132.61098724963048, 118.16945062484403, 60.363154997801495, 59.00697537728897, 124.4128214712856, 90.01109430509595, 74.92592949776257, 92.49613867325594, 58.81971217407133, 90.07675844065193, 88.21007011096629, 118.50297963359532, 103.06290944386365, 137.1894894080421, 116.21697011887929, 145.65469202777297, 60.822491116556954, 131.22475682987144, 103.7332178688043, 30.72239055045169, 0.0, 46.03020889828047, 148.47071758916135], [134.23393723736777, 88.35840151219877, 114.80571825760144, 93.03172023614778, 48.247962621581465, 60.96002303866578, 106.31417037391749, 75.99718333219123, 85.93249059933741, 100.16470831599672, 44.70646543098045, 58.08831681798506, 68.28113896007373, 112.60567900846692, 80.61711744957611, 121.87602459561487, 78.5324718358548, 129.42760978048554, 59.78103002815823, 97.20955393015782, 106.87039383625412, 15.961352393677851, 46.03020889828047, 0.0, 134.23393723736777], [0.0, 66.39636165876904, 20.95255738544174, 48.34790080737635, 90.11430479901645, 90.07419684147638, 28.7350452287267, 59.591526862877394, 85.45972148699163, 72.13784752908597, 92.7739544160495, 82.36027238167584, 65.95446213113891, 35.3415230426822, 55.01559663662087, 12.432632280801032, 86.17600129209376, 7.455614958793922, 87.79693839591265, 70.23737158173276, 59.13588528081912, 141.04762938653477, 148.47071758916135, 134.23393723736777, 0.0]]}