{"max_q": 960000.0, "init_soc": 960000.0, "t_max": 20000, "css": [{"node_id": 31, "type": 0}, {"node_id": 32, "type": 1}, {"node_id": 33, "type": 0}, {"node_id": 34, "type": 0}, {"node_id": 35, "type": 0}], "process_times": [0, 0, 0, 0, 0, 0, 0, 0, 0, 0, 0, 0, 0, 0, 0, 0, 0, 0, 0, 0, 0, 0, 0, 0, 0, 0, 0, 0, 0, 0, 0, 0, 0, 0, 0, 0], "breakpoints_by_type": {"0": {"time": [0.0, 19.0, 23.0, 31.0], "charge": [0.0, 816000.0, 912000.0, 960000.0]}, "1": {"time": [0.0, 37.0, 46.0, 66.0], "charge": [0.0, 816000.0, 912000.0, 960000.0]}, "2": {"time": [0.0, 76.0, 92.0, 122.0], "charge": [0.0, 816000.0, 912000.0, 960000.0]}}, "energy_matrix": [[0.0, 126337.49443455019, 291739.8295142437, 247549.1428484453, 335299.91239187645, 343087.7766694698, 321843.0372479728, 344558.8891974782, 374397.4834651003, 369259.070640113, 449380.655040913, 191452.37821714315, 37234.45984568594, 285633.765729824, 124373.47486502091, 276628.6827590371, 274306.8582810135, 187260.161606787, 85970.28556425765, 229351.25081411705, 275638.26498692087, 95936.72719558448, 327102.0425647019, 185376.04517574536, 424791.6312734987, 392508.93700016564, 289807.6183004857, 360636.4686217965, 353179.21265272686, 299116.78425825585, 284410.52195725805, 326281.03300682374, 252566.72880646813, 448310.8610384094, 368052.8774850158, 0.0], [126337.49443455019, 0.0, 307418.083601144, 337160.8712840207, 446409.7403171217, 373279.39268060325, 367727.7839992513, 469818.4922126843, 486555.4753828181, 415393.15864611923, 574233.7617425504, 315598.6899925284, 91192.7217490519, 380415.8587979739, 46925.91235127985, 385827.271100683, 398023.97540851735, 225818.92220316702, 146072.35364708825, 354813.7204928807, 383240.6432321603, 96024.5183533873, 448793.39483775833, 123637.24408526742, 549728.3897526123, 478008.279870757, 336260.96729326167, 442570.11308944033, 477060.19667333394, 175733.57853580514, 343132.631062684, 450588.11568881845, 375807.2710845282, 569645.8356953029, 469444.1240712254, 126337.49443455019], [291739.8295142437, 307418.083601144, 0.0, 192227.50193455667, 324702.0605493596, 70887.69727533824, 91588.05189543008, 502004.1396741664, 596469.902845064, 127038.33328960196, 514733.0376029889, 397357.8991287325, 301169.1561647706, 549585.5995657091, 260786.992821728, 279648.4802390315, 461588.15043824504, 106506.60190805075, 376610.5788808912, 360606.2473460492, 271891.39605732285, 364735.8650448294, 385327.2935116328, 201924.06988766842, 495609.4259848172, 258743.04338474484, 580946.1560678408, 633145.2247510045, 425360.9974186632, 361455.46406161855, 110220.12350292475, 410344.767390788, 448230.97910006176, 475863.26817689964, 302051.95745103195, 291739.8295142437], [247549.1428484453, 337160.8712840207, 192227.50193455667, 0.0, 137510.51096188975, 186410.3688773776, 140992.22053007042, 320763.08430054726, 433973.64263282163, 171671.98555675874, 323003.22366812377, 250252.91706591548, 277800.8200581848, 419560.60497858946, 302852.16381099203, 87464.2784226795, 294491.308233367, 145004.81457524086, 324682.7961641947, 186986.61215445344, 79818.11354573596, 343167.3006712615, 193223.07218600993, 293481.62208220124, 303489.675483368, 144984.91300821613, 495005.829511128, 505897.23820653534, 233324.32497491557, 464801.23171093257, 93885.89151198388, 219529.04847650568, 286624.4592232142, 287885.32873350807, 136585.11082837696, 247549.1428484453], [335299.91239187645, 446409.7403171217, 324702.0605493596, 137510.51096188975, 0.0, 303063.79897638713, 255408.47798183994, 243518.48620792633, 381525.88460679835, 267357.6116365494, 193615.27089824295, 247882.76084673573, 371079.5214640657, 410655.32764716446, 419554.9338286942, 60853.84642732125, 250905.05425359608, 280731.7324867283, 394615.3776147098, 159392.48727590646, 64725.695245396964, 428453.6796726106, 86106.2715485928, 423600.9361710618, 177716.16766631, 142237.75210892505, 521496.96128069627, 492568.8593993738, 120958.05057952943, 591095.3079876375, 216807.57885738224, 121397.41039247913, 254059.2868800509, 151282.3622402823, 63843.32874310366, 335299.91239187645], [343087.7766694698, 373279.39268060325, 70887.69727533824, 186410.3688773776, 303063.79897638713, 0.0, 47698.172134789354, 507007.12827829155, 614636.3299748885, 60444.69579706724, 496633.80938574846, 420947.3133599976, 357549.31478049286, 582194.0639726585, 327225.97123394714, 268813.57038847567, 476262.63762760133, 156726.04482025313, 429032.1229232142, 370395.0003037298, 260620.81291600634, 423347.25772703433, 374638.88112421, 272141.5176429352, 479844.4669890443, 210492.13316653893, 628163.864469296, 667551.7732730549, 414596.9744824484, 432115.6941433625, 92525.1992702528, 403731.6249688646, 465787.94531417405, 450834.73205266695, 268016.01281453314, 343087.7766694698], [321843.0372479728, 367727.7839992513, 91588.05189543008, 140992.22053007042, 255408.47798183994, 47698.172134789354, 0.0, 461689.0349575134, 572680.5621373926, 48169.680557379594, 448956.5026258112, 381988.2606180457, 340578.9968935255, 546396.8200859153, 323333.4202104694, 221662.36994582554, 433664.1449612822, 142795.98208633182, 407466.49632209033, 326900.1883220626, 213454.63803815556, 407750.4383811255, 327231.7384133147, 278311.3476845671, 432148.3664495332, 169344.12080140243, 601006.0315837105, 632324.0392591445, 367132.84465571865, 445637.8700806295, 48297.03018820102, 356684.2695227812, 424208.0687881833, 403563.298938345, 221793.98380028259, 321843.0372479728], [344558.8891974782, 469818.4922126843, 502004.1396741664, 320763.08430054726, 243518.48620792633, 507007.12827829155, 461689.0349575134, 0.0, 145176.7930834677, 488182.88133137155, 165336.6452121247, 154740.2864479706, 378626.21492046746, 224704.80635714048, 466654.4418785704, 245812.35983977694, 75912.33842400061, 416550.9722711015, 350094.7059368365, 142488.65086384947, 253740.6402214671, 404134.68670729065, 158161.69929853434, 510328.58165107697, 146721.25996255624, 385268.5832636759, 370728.20906966325, 287668.0606619372, 132990.14296179998, 643663.2048284258, 414535.58426870906, 122771.7012385183, 98424.83489953133, 211066.17741836322, 306946.2758366682, 344558.8891974782], [374397.4834651003, 486555.4753828181, 596469.902845064, 433973.64263282163, 381525.88460679835, 614636.3299748885, 572680.5621373926, 145176.7930834677, 0.0, 605583.202892055, 300263.3594030414, 200847.367421134, 400342.92565874074, 133848.29565594028, 497347.41692804644, 372084.21425800904, 139547.6733055768, 498729.1912952358, 345103.5578272122, 247298.1563315829, 379286.39739647927, 401631.72963549575, 298972.2489212, 557883.4152401377, 285707.0538593684, 520475.8135590932, 281537.3532055738, 161325.0697349919, 277634.0048066879, 661184.9079493573, 524398.9541608565, 264438.48174008256, 148933.8548651716, 353203.9141912218, 445358.56340705976, 374397.4834651003], [369259.070640113, 415393.15864611923, 127038.33328960196, 171671.98555675874, 267357.6116365494, 60444.69579706724, 48169.680557379594, 488182.88133137155, 605583.202892055, 0.0, 459811.32339797803, 419573.33462101704, 388567.71128080104, 586425.690624993, 370682.32356021507, 243405.13680898352, 466059.25723023666, 190885.54980668385, 454678.3437222406, 358404.2445340177, 235271.70064629527, 455808.79009185417, 345628.2866028184, 322863.6757595998, 444978.3435741564, 157405.63244369614, 646198.5593646893, 672645.4684676022, 384650.57194809936, 487455.2575621684, 88375.90876477587, 377318.0902766258, 458249.44762650825, 409518.0009779789, 223729.22389576194, 369259.070640113], [449380.655040913, 574233.7617425504, 514733.0376029889, 323003.22366812377, 193615.27089824295, 496633.80938574846, 448956.5026258112, 165336.6452121247, 300263.3594030414, 459811.32339797803, 0.0, 284684.03537957655, 486405.94735776004, 389665.6018305953, 559211.1503046054, 235706.89955960136, 228200.64773133316, 456128.333092782, 479252.49412496545, 220200.1149522861, 243200.31095786043, 527472.44596282, 134499.17518334455, 583067.963448516, 24648.08562545982, 319282.2145062265, 533127.4015186239, 451914.78248116653, 98787.8693210862, 738214.3743520577, 409140.7833802443, 123943.14472773398, 246682.11452190857, 65326.33465915561, 239756.59532117154, 449380.655040913], [191452.37821714315, 315598.6899925284, 397357.8991287325, 250252.91706591548, 247882.76084673573, 420947.3133599976, 381988.2606180457, 154740.2864479706, 200847.367421134, 419573.33462101704, 284684.03537957655, 0.0, 224464.17448002702, 170662.33108099748, 315127.62593114557, 212328.00686673436, 82866.85480335305, 298029.37145523087, 198030.18235864956, 89005.28425323972, 217249.53682344183, 250492.29778578025, 193726.45179479232, 365781.2050939742, 260608.38076508592, 365414.9319609148, 274527.15029665094, 256610.4257917047, 202054.13414478803, 490242.06520860695, 334029.7002139182, 175197.89703361163, 61502.24081283543, 303546.190883694, 305140.63151275023, 191452.37821714315], [37234.45984568594, 91192.7217490519, 301169.1561647706, 277800.8200581848, 371079.5214640657, 357549.31478049286, 340578.9968935255, 378626.21492046746, 400342.92565874074, 388567.71128080104, 486405.94735776004, 224464.17448002702, 0.0, 302997.5587772944, 97669.98643390916, 311884.3144901648, 307005.1506082593, 200873.48163707423, 80133.41999440685, 266283.86404361797, 310548.0488185363, 67614.11187762507, 364314.9684682198, 168534.74604662386, 461802.86378497054, 422617.89257555106, 288338.1315833894, 373161.92530857166, 390364.63242717064, 266068.08926475944, 306371.09850637027, 363427.3414315439, 284881.11994303874, 485523.8929496673, 401883.2083143062, 37234.45984568594], [285633.765729824, 380415.8587979739, 549585.5995657091, 419560.60497858946, 410655.32764716446, 582194.0639726585, 546396.8200859153, 224704.80635714048, 133848.29565594028, 586425.690624993, 389665.6018305953, 170662.33108099748, 302997.5587772944, 0.0, 400002.0289011044, 381456.23766036384, 169069.58072048327, 444601.2398768136, 234399.23874663073, 252913.80078002863, 386844.18374844413, 288278.3810832855, 342231.54168632673, 470017.82545984356, 369780.91909264337, 535111.9287121154, 151350.07433100257, 86353.53568325964, 335778.1159113858, 549988.5055617072, 499273.1523174464, 313892.562232685, 158901.0010195027, 429523.9064941554, 471112.06867368624, 285633.765729824], [124373.47486502091, 46925.91235127985, 260786.992821728, 302852.16381099203, 419554.9338286942, 327225.97123394714, 323333.4202104694, 466654.4418785704, 497347.41692804644, 370682.32356021507, 559211.1503046054, 315127.62593114557, 97669.98643390916, 400002.0289011044, 0.0, 358701.1334314404, 397958.97558668023, 182728.46145305337, 169818.450852668, 342781.5083985716, 355329.14406926994, 129146.1018575474, 430000.71220871253, 80670.19663419695, 534997.2114413307, 440553.45376582845, 370850.55025576, 467718.0039831693, 460870.1362640023, 179402.3986043665, 301019.48649547587, 435291.2774798043, 376483.0424468013, 549604.713066582, 437599.83218118356, 124373.47486502091], [276628.6827590371, 385827.271100683, 279648.4802390315, 87464.2784226795, 60853.84642732125, 268813.57038847567, 221662.36994582554, 245812.35983977694, 372084.21425800904, 243405.13680898352, 235706.89955960136, 212328.00686673436, 311884.3144901648, 381456.23766036384, 358701.1334314404, 0.0, 234377.30398867544, 224515.60357801412, 339804.83828956884, 130069.2243576473, 8216.522987249558, 370836.23912719206, 106382.91979918578, 364057.91091528285, 216026.83427065262, 153751.8292574108, 480189.34937168274, 466127.41350943944, 146531.67106465413, 530626.8604207669, 177546.4182263332, 135045.5964665268, 232127.22939155585, 203811.14419972227, 97159.82966226326, 276628.6827590371], [274306.8582810135, 398023.97540851735, 461588.15043824504, 294491.308233367, 250905.05425359608, 476262.63762760133, 433664.1449612822, 75912.33842400061, 139547.6733055768, 466059.25723023666, 228200.64773133316, 82866.85480335305, 307005.1506082593, 169069.58072048327, 397958.97558668023, 234377.30398867544, 0.0, 368015.67646637, 274636.0728309375, 107759.99373608, 241274.7668634248, 329170.0102150862, 175480.80023182023, 447044.8530349052, 206225.12577278263, 385505.6979150892, 305704.1308602159, 244840.62162966336, 166708.82175217965, 572952.9807279127, 385431.2681918788, 145342.02764513777, 22722.895942198902, 261885.49143662004, 313937.53857256385, 274306.8582810135], [187260.161606787, 225818.92220316702, 106506.60190805075, 145004.81457524086, 280731.7324867283, 156726.04482025313, 142795.98208633182, 416550.9722711015, 498729.1912952358, 190885.54980668385, 456128.333092782, 298029.37145523087, 200873.48163707423, 444601.2398768136, 182728.46145305337, 224515.60357801412, 368015.67646637, 0.0, 272972.4402297785, 274189.6298640778, 218278.19405520096, 267053.63225389767, 321907.97695148835, 152710.35082796455, 434458.6610081562, 265423.14565613895, 475237.33281382674, 527485.8558530266, 360192.2689689494, 325624.34836787015, 118572.91269510078, 340557.02991569554, 352542.1012092031, 428324.6913849351, 279478.4808352872, 187260.161606787], [85970.28556425765, 146072.35364708825, 376610.5788808912, 324682.7961641947, 394615.3776147098, 429032.1229232142, 407466.49632209033, 350094.7059368365, 345103.5578272122, 454678.3437222406, 479252.49412496545, 198030.18235864956, 80133.41999440685, 234399.23874663073, 169818.450852668, 339804.83828956884, 274636.0728309375, 272972.4402297785, 0.0, 263339.19429131696, 340354.3713910547, 56717.903919309276, 370063.117927199, 246179.8085241761, 454751.91038631165, 468426.25420123496, 208316.58749365108, 298181.92852686427, 389094.92575719877, 317143.50162820617, 369035.42512880795, 361461.5643467504, 251925.5693652393, 489133.81412963057, 435300.1615265035, 85970.28556425765], [229351.25081411705, 354813.7204928807, 360606.2473460492, 186986.61215445344, 159392.48727590646, 370395.0003037298, 326900.1883220626, 142488.65086384947, 247298.1563315829, 358404.2445340177, 220200.1149522861, 89005.28425323972, 266283.86404361797, 252913.80078002863, 342781.5083985716, 130069.2243576473, 107759.99373608, 274189.6298640778, 263339.19429131696, 0.0, 136254.44258812262, 308679.0535896467, 108633.3512324829, 376364.2658715091, 195573.33982422043, 283579.76060537185, 363497.6108931116, 336700.13550635823, 126080.15307731823, 522168.771208122, 278819.4778884718, 98532.13308357833, 102556.62460319178, 225833.56841931178, 218360.2942959182, 229351.25081411705], [275638.26498692087, 383240.6432321603, 271891.39605732285, 79818.11354573596, 64725.695245396964, 260620.81291600634, 213454.63803815556, 253740.6402214671, 379286.39739647927, 235271.70064629527, 243200.31095786043, 217249.53682344183, 310548.0488185363, 386844.18374844413, 355329.14406926994, 8216.522987249558, 241274.7668634248, 218278.19405520096, 340354.3713910547, 136254.44258812262, 0.0, 370278.668707772, 114453.46488857383, 359101.5820767155, 223724.1451542502, 148279.57124971735, 483733.1624976728, 471750.33982499683, 154592.17517390716, 526372.4738718772, 169419.68783172753, 143260.30722080698, 238567.40792698401, 210210.02889966976, 95338.48252410992, 275638.26498692087], [95936.72719558448, 96024.5183533873, 364735.8650448294, 343167.3006712615, 428453.6796726106, 423347.25772703433, 407750.4383811255, 404134.68670729065, 401631.72963549575, 455808.79009185417, 527472.44596282, 250492.29778578025, 67614.11187762507, 288278.3810832855, 129146.1018575474, 370836.23912719206, 329170.0102150862, 267053.63225389767, 56717.903919309276, 308679.0535896467, 370278.668707772, 0.0, 412616.06321736914, 209396.0511805321, 502853.1650740602, 488151.63755742944, 241949.02355661613, 347173.1205393067, 434712.3768941942, 261821.65924537263, 373974.435122242, 407205.19781186484, 306452.1016814863, 533144.0295548661, 463465.3506466261, 95936.72719558448], [327102.0425647019, 448793.39483775833, 385327.2935116328, 193223.07218600993, 86106.2715485928, 374638.88112421, 327231.7384133147, 158161.69929853434, 298972.2489212, 345628.2866028184, 134499.17518334455, 193726.45179479232, 364314.9684682198, 342231.54168632673, 430000.71220871253, 106382.91979918578, 175480.80023182023, 321907.97695148835, 370063.117927199, 108633.3512324829, 114453.46488857383, 412616.06321736914, 0.0, 449637.8855534751, 112559.63419450157, 228343.9141404912, 466242.23384953017, 420280.58038648416, 40152.95754984931, 607925.4297403588, 283841.5601176121, 35450.3349772608, 183335.50188111412, 121209.02658218156, 148942.99454824993, 327102.0425647019], [185376.04517574536, 123637.24408526742, 201924.06988766842, 293481.62208220124, 423600.9361710618, 272141.5176429352, 278311.3476845671, 510328.58165107697, 557883.4152401377, 322863.6757595998, 583067.963448516, 365781.2050939742, 168534.74604662386, 470017.82545984356, 80670.19663419695, 364057.91091528285, 447044.8530349052, 152710.35082796455, 246179.8085241761, 376364.2658715091, 359101.5820767155, 209396.0511805321, 449637.8855534751, 0.0, 559715.653814506, 417848.01363653736, 450450.98651240626, 541678.9783857224, 484421.1216751392, 172915.911644938, 266885.54780092527, 460939.7554182108, 426967.2008773039, 564606.3761595328, 429826.04039308743, 185376.04517574536], [424791.6312734987, 549728.3897526123, 495609.4259848172, 303489.675483368, 177716.16766631, 479844.4669890443, 432148.3664495332, 146721.25996255624, 285707.0538593684, 444978.3435741564, 24648.08562545982, 260608.38076508592, 461802.86378497054, 369780.91909264337, 534997.2114413307, 216026.83427065262, 206225.12577278263, 434458.6610081562, 454751.91038631165, 195573.33982422043, 223724.1451542502, 502853.1650740602, 112559.63419450157, 559715.653814506, 0.0, 308630.3948495677, 511724.7361863603, 434310.20308070135, 75321.58555155358, 714086.7213616286, 391228.5840784132, 99720.67238040472, 224072.53847805626, 69316.11014042834, 227941.18896110027, 424791.6312734987], [392508.93700016564, 478008.279870757, 258743.04338474484, 144984.91300821613, 142237.75210892505, 210492.13316653893, 169344.12080140243, 385268.5832636759, 520475.8135590932, 157405.63244369614, 319282.2145062265, 365414.9319609148, 422617.89257555106, 535111.9287121154, 440553.45376582845, 153751.8292574108, 385505.6979150892, 265423.14565613895, 468426.25420123496, 283579.76060537185, 148279.57124971735, 488151.63755742944, 228343.9141404912, 417848.01363653736, 308630.3948495677, 0.0, 628339.3559614104, 619879.0834711235, 261919.1251608023, 590656.8039056181, 155356.3584955569, 263604.0887865741, 384961.35276804084, 262359.60531301313, 81450.55248431407, 392508.93700016564], [289807.6183004857, 336260.96729326167, 580946.1560678408, 495005.829511128, 521496.96128069627, 628163.864469296, 601006.0315837105, 370728.20906966325, 281537.3532055738, 646198.5593646893, 533127.4015186239, 274527.15029665094, 288338.1315833894, 151350.07433100257, 370850.55025576, 480189.34937168274, 305704.1308602159, 475237.33281382674, 208316.58749365108, 363497.6108931116, 483733.1624976728, 241949.02355661613, 466242.23384953017, 450450.98651240626, 511724.7361863603, 628339.3559614104, 0.0, 146316.0812248606, 467888.3580780783, 481831.34627170116, 558093.5657441323, 443100.08251522586, 289631.09402306925, 566568.1788187544, 576137.9229403321, 289807.6183004857], [360636.4686217965, 442570.11308944033, 633145.2247510045, 505897.23820653534, 492568.8593993738, 667551.7732730549, 632324.0392591445, 287668.0606619372, 161325.0697349919, 672645.4684676022, 451914.78248116653, 256610.4257917047, 373161.92530857166, 86353.53568325964, 467718.0039831693, 466127.41350943944, 244840.62162966336, 527485.8558530266, 298181.92852686427, 336700.13550635823, 471750.33982499683, 347173.1205393067, 420280.58038648416, 541678.9783857224, 434310.20308070135, 619879.0834711235, 146316.0812248606, 0.0, 409541.38527137885, 604691.5685909635, 585350.06833518, 389824.1719031799, 238645.05023151013, 498047.17208814673, 554038.8281745244, 360636.4686217965], [353179.21265272686, 477060.19667333394, 425360.9974186632, 233324.32497491557, 120958.05057952943, 414596.9744824484, 367132.84465571865, 132990.14296179998, 277634.0048066879, 384650.57194809936, 98787.8693210862, 202054.13414478803, 390364.63242717064, 335778.1159113858, 460870.1362640023, 146531.67106465413, 166708.82175217965, 360192.2689689494, 389094.92575719877, 126080.15307731823, 154592.17517390716, 434712.3768941942, 40152.95754984931, 484421.1216751392, 75321.58555155358, 261919.1251608023, 467888.3580780783, 409541.38527137885, 0.0, 639687.9967022986, 323952.0971532674, 27635.235660294307, 179132.81734511966, 101543.60208797004, 180954.11193172706, 353179.21265272686], [299116.78425825585, 175733.57853580514, 361455.46406161855, 464801.23171093257, 591095.3079876375, 432115.6941433625, 445637.8700806295, 643663.2048284258, 661184.9079493573, 487455.2575621684, 738214.3743520577, 490242.06520860695, 266068.08926475944, 549988.5055617072, 179402.3986043665, 530626.8604207669, 572952.9807279127, 325624.34836787015, 317143.50162820617, 522168.771208122, 526372.4738718772, 261821.65924537263, 607925.4297403588, 172915.911644938, 714086.7213616286, 590656.8039056181, 481831.34627170116, 604691.5685909635, 639687.9967022986, 0.0, 438593.6195671341, 614366.2023785162, 550911.0437493518, 726483.8831660342, 601382.625705133, 299116.78425825585], [284410.52195725805, 343132.631062684, 110220.12350292475, 93885.89151198388, 216807.57885738224, 92525.1992702528, 48297.03018820102, 414535.58426870906, 524398.9541608565, 88375.90876477587, 409140.7833802443, 334029.7002139182, 306371.09850637027, 499273.1523174464, 301019.48649547587, 177546.4182263332, 385431.2681918788, 118572.91269510078, 369035.42512880795, 278819.4778884718, 169419.68783172753, 373974.435122242, 283841.5601176121, 266885.54780092527, 391228.5840784132, 155356.3584955569, 558093.5657441323, 585350.06833518, 323952.0971532674, 438593.6195671341, 0.0, 312013.0165553995, 375911.0433333929, 367297.7887559358, 191878.86315329265, 284410.52195725805], [326281.03300682374, 450588.11568881845, 410344.767390788, 219529.04847650568, 121397.41039247913, 403731.6249688646, 356684.2695227812, 122771.7012385183, 264438.48174008256, 377318.0902766258, 123943.14472773398, 175197.89703361163, 363427.3414315439, 313892.562232685, 435291.2774798043, 135045.5964665268, 145342.02764513777, 340557.02991569554, 361461.5643467504, 98532.13308357833, 143260.30722080698, 407205.19781186484, 35450.3349772608, 460939.7554182108, 99720.67238040472, 263604.0887865741, 443100.08251522586, 389824.1719031799, 27635.235660294307, 614366.2023785162, 312013.0165553995, 0.0, 155795.20210840896, 128818.58610076422, 184390.95863138197, 326281.03300682374], [252566.72880646813, 375807.2710845282, 448230.97910006176, 286624.4592232142, 254059.2868800509, 465787.94531417405, 424208.0687881833, 98424.83489953133, 148933.8548651716, 458249.44762650825, 246682.11452190857, 61502.24081283543, 284881.11994303874, 158901.0010195027, 376483.0424468013, 232127.22939155585, 22722.895942198902, 352542.1012092031, 251925.5693652393, 102556.62460319178, 238567.40792698401, 306452.1016814863, 183335.50188111412, 426967.2008773039, 224072.53847805626, 384961.35276804084, 289631.09402306925, 238645.05023151013, 179132.81734511966, 550911.0437493518, 375911.0433333929, 155795.20210840896, 0.0, 276937.79197682644, 316078.91123104055, 252566.72880646813], [448310.8610384094, 569645.8356953029, 475863.26817689964, 287885.32873350807, 151282.3622402823, 450834.73205266695, 403563.298938345, 211066.17741836322, 353203.9141912218, 409518.0009779789, 65326.33465915561, 303546.190883694, 485523.8929496673, 429523.9064941554, 549604.713066582, 203811.14419972227, 261885.49143662004, 428324.6913849351, 489133.81412963057, 225833.56841931178, 210210.02889966976, 533144.0295548661, 121209.02658218156, 564606.3761595328, 69316.11014042834, 262359.60531301313, 566568.1788187544, 498047.17208814673, 101543.60208797004, 726483.8831660342, 367297.7887559358, 128818.58610076422, 276937.79197682644, 0.0, 186079.4588341228, 448310.8610384094], [368052.8774850158, 469444.1240712254, 302051.95745103195, 136585.11082837696, 63843.32874310366, 268016.01281453314, 221793.98380028259, 306946.2758366682, 445358.56340705976, 223729.22389576194, 239756.59532117154, 305140.63151275023, 401883.2083143062, 471112.06867368624, 437599.83218118356, 97159.82966226326, 313937.53857256385, 279478.4808352872, 435300.1615265035, 218360.2942959182, 95338.48252410992, 463465.3506466261, 148942.99454824993, 429826.04039308743, 227941.18896110027, 81450.55248431407, 576137.9229403321, 554038.8281745244, 180954.11193172706, 601382.625705133, 191878.86315329265, 184390.95863138197, 316078.91123104055, 186079.4588341228, 0.0, 368052.8774850158], [0.0, 126337.49443455019, 291739.8295142437, 247549.1428484453, 335299.91239187645, 343087.7766694698, 321843.0372479728, 344558.8891974782, 374397.4834651003, 369259.070640113, 449380.655040913, 191452.37821714315, 37234.45984568594, 285633.765729824, 124373.47486502091, 276628.6827590371, 274306.8582810135, 187260.161606787, 85970.28556425765, 229351.25081411705, 275638.26498692087, 95936.72719558448, 327102.0425647019, 185376.04517574536, 424791.6312734987, 392508.93700016564, 289807.6183004857, 360636.4686217965, 353179.21265272686, 299116.78425825585, 284410.52195725805, 326281.03300682374, 252566.72880646813, 448310.8610384094, 368052.8774850158, 0.0]], "time_matrix": [[0.0, 25.26748625316691, 58.34793672888037, 49.509803814787155, 67.05994894840082, 68.61752102513344, 64.36857526530693, 68.91174338362394, 74.87945925329043, 73.851777202134, 89.87608607013956, 38.29045649820038, 7.4468882456930645, 57.12672458260252, 24.874682535662913, 55.32570888895298, 54.86134422553058, 37.4520135953506, 17.19404851582727, 45.87022722770979, 55.12762543357146, 19.187335845448974, 65.42037580275247, 37.07519049755382, 84.95828377555785, 78.50174814915906, 57.961494679349805, 72.12725766073048, 70.63580721264177, 59.8233269399877, 56.88207595041364, 65.25617397327777, 50.51332050463337, 89.66212737661819, 73.61053869173381, 0.0], [25.26748625316691, 0.0, 61.48358597843582, 67.43214054073387, 89.28190342247262, 74.65584120820004, 73.54552002709025, 93.96365146071112, 97.3110464210404, 83.07859018992875, 114.84669492516261, 63.119706438652464, 18.238535230542766, 76.08313371802792, 9.38517777766708, 77.1654156374288, 79.60475527932583, 45.16376185875248, 29.214456122189592, 70.96270861722182, 76.6480903223869, 19.204894068230427, 89.75863408823461, 24.727436453335255, 109.94562297771098, 95.60160817334732, 67.25215983257242, 88.51397836089889, 95.41199162867096, 35.14669813381196, 68.62649189929085, 90.11757807897465, 75.16141663619732, 113.92911017450548, 93.88877786985614, 25.26748625316691], [58.34793672888037, 61.48358597843582, 0.0, 38.44548116417075, 64.94037963968209, 14.177532366301467, 18.317601220285404, 100.4007777344444, 119.29392092205232, 25.407653954093412, 102.94655604731976, 79.47154008997646, 60.23380111605356, 109.91706495460934, 52.15737248565935, 55.929668082972256, 92.31758392885705, 21.301309730955285, 75.32207811513919, 72.12121340860313, 54.37825202233856, 72.9471365353976, 77.06542016961646, 40.384793785136786, 99.12183563604562, 51.748582802657566, 116.18917311898159, 126.62898163571009, 85.07215694765416, 72.29105666679537, 22.04401367857811, 82.06891244370138, 89.64615099693685, 95.1726060490769, 60.41036128502574, 58.34793672888037], [49.509803814787155, 67.43214054073387, 38.44548116417075, 0.0, 27.502088441333733, 37.28205513444795, 28.198430006799082, 64.15258478381705, 86.79468512922176, 34.334379944161775, 64.60061243331853, 50.050558387903905, 55.56013623156885, 83.91207903967837, 60.570402476997174, 17.492846938112432, 58.8982321975573, 29.000948414573962, 64.93652676457556, 37.39730373223882, 15.963614727339829, 68.63342581753939, 38.644595114904426, 58.69629506829271, 60.697904747721225, 28.996968103159173, 99.0011164016674, 101.17939705160855, 46.66484166256228, 92.96019986208658, 18.777168913812318, 43.90578774240726, 57.32486318221125, 57.57703695818313, 27.317008507171135, 49.509803814787155], [67.05994894840082, 89.28190342247262, 64.94037963968209, 27.502088441333733, 0.0, 60.612729488912684, 51.08167005553296, 48.703672889748816, 76.30513876879029, 53.47149559156208, 38.72303481813118, 49.57652738108346, 74.21586718487954, 82.13102446392067, 83.91094481026644, 12.17076320008265, 50.180985760226335, 56.14631842418644, 78.92303606142393, 31.878481515940532, 12.945132576513105, 85.69069308917557, 17.22124569909571, 84.72014487413992, 35.54321576165412, 28.44753619801691, 104.2993401064692, 98.51372262301345, 24.191598020106877, 118.21900248802625, 43.3614940907294, 24.279469938760858, 50.8118319700942, 30.256457319827803, 12.768659364291048, 67.05994894840082], [68.61752102513344, 74.65584120820004, 14.177532366301467, 37.28205513444795, 60.612729488912684, 0.0, 9.539629657143042, 101.40137495497083, 122.92720453137542, 12.088933114946888, 99.32671221379358, 84.18942057728923, 71.50982720118498, 116.43875457515442, 65.44516152420867, 53.762687196351536, 95.25247989928032, 31.34519329145398, 85.80638168145201, 74.07896302126446, 52.12413652113301, 84.66940921070226, 74.92773876097263, 54.42827631444889, 95.96884541338615, 42.098405584104995, 125.63271007750414, 133.51028789946702, 82.91935343681297, 86.42309561712469, 18.50503060153526, 80.74628462063062, 93.15754248406357, 90.16690132708273, 53.603175761318745, 68.61752102513344], [64.36857526530693, 73.54552002709025, 18.317601220285404, 28.198430006799082, 51.08167005553296, 9.539629657143042, 0.0, 92.33776082262227, 114.53605515945094, 9.63393129451027, 89.79125562953442, 76.39761392480217, 68.11576532082243, 109.27930937752836, 64.66665170876803, 44.3324518229392, 86.73278562586363, 28.559182137675293, 81.4932585177888, 65.38000497441004, 42.69090626217798, 81.55004690120164, 65.44631495950546, 55.66224170579256, 86.4296300750916, 33.86880722587687, 120.201146216169, 126.4647446194566, 73.42653221787762, 89.12752945236117, 9.659401207939599, 71.33681823614711, 84.84157133685099, 80.71261943135929, 44.35877458066923, 64.36857526530693], [68.91174338362394, 93.96365146071112, 100.4007777344444, 64.15258478381705, 48.703672889748816, 101.40137495497083, 92.33776082262227, 0.0, 29.03534409902149, 97.63652744801058, 33.06731250876869, 30.948041815573212, 75.72520512149093, 44.9409388009587, 93.33084171029323, 49.16244738673169, 15.182460093570077, 83.31015279914389, 70.0189061779142, 28.497715923911933, 50.74810267024208, 80.82689692800966, 31.63232404354485, 102.06566529738275, 29.34423732039259, 77.05367812589613, 74.14560474113028, 57.53358336559576, 26.59801529335235, 128.73257659939685, 82.9070754002041, 24.554327970539674, 19.6849571374277, 42.213214377065455, 61.38922447272141, 68.91174338362394], [74.87945925329043, 97.3110464210404, 119.29392092205232, 86.79468512922176, 76.30513876879029, 122.92720453137542, 114.53605515945094, 29.03534409902149, 0.0, 121.11658002012099, 60.05264185428735, 40.1694533995001, 80.0685450974756, 26.769645746365182, 99.46943365089246, 74.41680564319898, 27.909520706355007, 99.74578838615297, 69.02067705510392, 49.459606536513306, 75.85724155067508, 80.32630576394627, 59.79441988703006, 111.57662725971392, 57.141382201182566, 104.09511066426332, 56.307442487393516, 32.26499781449947, 55.52677319795097, 132.2369154714137, 104.8797383923021, 52.88766990418156, 29.78675607965628, 70.64074751787061, 89.07166814557787, 74.87945925329043], [73.851777202134, 83.07859018992875, 25.407653954093412, 34.334379944161775, 53.47149559156208, 12.088933114946888, 9.63393129451027, 97.63652744801058, 121.11658002012099, 0.0, 91.96221869848625, 83.91462496689093, 77.71350339940851, 117.28507948245884, 74.1364276438292, 48.68100302129519, 93.21180484014491, 38.17709087279133, 90.93562327663648, 71.680813066397, 47.054316602100755, 91.16171243751462, 69.1256227577523, 64.57270286556852, 88.99562421701917, 31.481110748183855, 129.23964725311424, 134.52902642900722, 76.93007592458191, 97.4910027669323, 17.675172915368716, 75.463580323535, 91.6498437003798, 81.90355924381616, 44.74582240624118, 73.851777202134], [89.87608607013956, 114.84669492516261, 102.94655604731976, 64.60061243331853, 38.72303481813118, 99.32671221379358, 89.79125562953442, 33.06731250876869, 60.05264185428735, 91.96221869848625, 0.0, 56.93677860752601, 97.28114083098158, 77.93308139957836, 111.84217413983401, 47.1413563412421, 45.64010672621327, 91.2256210057459, 95.85045089976764, 44.04000097045673, 48.640037871553155, 105.49443644534577, 26.899821586758115, 116.613534382936, 4.929614660284634, 63.85641097303981, 106.6254269910113, 90.38291130477765, 19.757563985435247, 147.642801049011, 81.82811576199097, 24.78861655123852, 49.336398236182596, 13.065260399200923, 47.95129508858676, 89.87608607013956], [38.29045649820038, 63.119706438652464, 79.47154008997646, 50.050558387903905, 49.57652738108346, 84.18942057728923, 76.39761392480217, 30.948041815573212, 40.1694533995001, 83.91462496689093, 56.93677860752601, 0.0, 44.89281244959918, 34.13244914997492, 63.02549367348228, 42.4655801405568, 16.573362673989276, 59.60584448812393, 39.60601666872158, 17.80104795012397, 43.449885639745546, 50.09843450793879, 38.74527098632297, 73.15620444069262, 52.12165009219214, 73.08294985070803, 54.90540260662889, 51.322059497311194, 40.41080662355429, 98.04836401753938, 66.80590663983031, 35.039561886941385, 12.300442012346078, 60.70920782213488, 61.028095788502156, 38.29045649820038], [7.4468882456930645, 18.238535230542766, 60.23380111605356, 55.56013623156885, 74.21586718487954, 71.50982720118498, 68.11576532082243, 75.72520512149093, 80.0685450974756, 77.71350339940851, 97.28114083098158, 44.89281244959918, 0.0, 60.599481455718156, 19.53398751978807, 62.3768317096171, 61.40099942115216, 40.17467624007672, 16.026675985543378, 53.256746180350504, 62.1095787089179, 13.522815614117206, 72.86295726216534, 33.70693235585859, 92.36052657673082, 84.52353625334207, 57.667597482879145, 74.63234774554046, 78.0728874489904, 53.21359124615627, 61.27418906417952, 72.6854319435928, 56.976195500509995, 97.10473003756844, 80.3766014745605, 7.4468882456930645], [57.12672458260252, 76.08313371802792, 109.91706495460934, 83.91207903967837, 82.13102446392067, 116.43875457515442, 109.27930937752836, 44.9409388009587, 26.769645746365182, 117.28507948245884, 77.93308139957836, 34.13244914997492, 60.599481455718156, 0.0, 80.000365780038, 76.29120938646808, 33.813899237147034, 88.92020351526097, 46.87982430941399, 50.58273486463829, 77.3687980652898, 57.65564738883341, 68.44627411412829, 94.00351809020967, 73.95614684045525, 107.02233223125695, 30.26999973120065, 17.270698501302675, 67.15558960448236, 109.99764611351837, 99.85458053619902, 62.77848105729647, 31.780184313808384, 85.90473834646191, 94.22236662355394, 57.12672458260252], [24.874682535662913, 9.38517777766708, 52.15737248565935, 60.570402476997174, 83.91094481026644, 65.44516152420867, 64.66665170876803, 93.33084171029323, 99.46943365089246, 74.1364276438292, 111.84217413983401, 63.02549367348228, 19.53398751978807, 80.000365780038, 0.0, 71.74019081619267, 79.5917553214584, 36.54567401777366, 33.963673188697, 68.55626740158061, 71.06579328095735, 25.829207456905753, 86.00009944169278, 16.13403125982376, 106.99938878857175, 88.11064669784234, 74.17007296611553, 93.54355402485685, 92.17398116580988, 35.880461780642406, 60.20386719716158, 87.05821196685488, 75.29657084107484, 109.92088765287258, 87.51992267627539, 24.874682535662913], [55.32570888895298, 77.1654156374288, 55.929668082972256, 17.492846938112432, 12.17076320008265, 53.762687196351536, 44.3324518229392, 49.16244738673169, 74.41680564319898, 48.68100302129519, 47.1413563412421, 42.4655801405568, 62.3768317096171, 76.29120938646808, 71.74019081619267, 0.0, 46.875437360016406, 44.90309826405369, 67.96093367744692, 26.01383186461353, 1.6433037757980238, 74.16721074183305, 21.276573321550497, 72.81154577728368, 43.20534525145789, 30.75035047630692, 96.03782185542562, 93.22543608916985, 29.306319559771048, 106.12531902149387, 35.50926589063369, 27.00910578875246, 46.42542266559984, 40.76220845884023, 19.431956216474546, 55.32570888895298], [54.86134422553058, 79.60475527932583, 92.31758392885705, 58.8982321975573, 50.180985760226335, 95.25247989928032, 86.73278562586363, 15.182460093570077, 27.909520706355007, 93.21180484014491, 45.64010672621327, 16.573362673989276, 61.40099942115216, 33.813899237147034, 79.5917553214584, 46.875437360016406, 0.0, 73.60309849172475, 54.92718710259395, 21.55198797122201, 48.25492924522034, 65.83396912603268, 35.0961424982928, 89.40892590251809, 41.24500453205426, 77.10110103246731, 61.14079560164538, 48.968099841882754, 33.34174767956209, 114.59053885031314, 77.0862150952682, 29.068390994832058, 4.544576916151322, 52.377072098787956, 62.787476320774616, 54.86134422553058], [37.4520135953506, 45.16376185875248, 21.301309730955285, 29.000948414573962, 56.14631842418644, 31.34519329145398, 28.559182137675293, 83.31015279914389, 99.74578838615297, 38.17709087279133, 91.2256210057459, 59.60584448812393, 40.17467624007672, 88.92020351526097, 36.54567401777366, 44.90309826405369, 73.60309849172475, 0.0, 54.594460748725325, 54.837898553866275, 43.6556169832317, 53.41069974542966, 64.38156319951608, 30.542054894565464, 86.89168875578686, 53.084602588926494, 95.04741903905582, 105.49711842204611, 72.03841777458099, 65.12483711115547, 23.714570681734813, 68.11137192745315, 70.50838498764811, 85.6648954445393, 55.895668219223325, 37.4520135953506], [17.19404851582727, 29.214456122189592, 75.32207811513919, 64.93652676457556, 78.92303606142393, 85.80638168145201, 81.4932585177888, 70.0189061779142, 69.02067705510392, 90.93562327663648, 95.85045089976764, 39.60601666872158, 16.026675985543378, 46.87982430941399, 33.963673188697, 67.96093367744692, 54.92718710259395, 54.594460748725325, 0.0, 52.66781252435713, 68.07084024279082, 11.3435751120743, 74.0125865791465, 49.23593708686668, 90.95033660209403, 93.68520399764499, 41.66329666708188, 59.6363558871949, 77.81894624196663, 63.428668611306925, 73.80704812223753, 72.29227672321171, 50.38508868050352, 97.82671391256915, 87.05998877530632, 17.19404851582727], [45.87022722770979, 70.96270861722182, 72.12121340860313, 37.39730373223882, 31.878481515940532, 74.07896302126446, 65.38000497441004, 28.497715923911933, 49.459606536513306, 71.680813066397, 44.04000097045673, 17.80104795012397, 53.256746180350504, 50.58273486463829, 68.55626740158061, 26.01383186461353, 21.55198797122201, 54.837898553866275, 52.66781252435713, 0.0, 27.250874892187078, 61.735779850039414, 21.72665938316689, 75.27281553789405, 39.11464840751989, 56.715923763112485, 72.69948582887942, 67.33999343127493, 25.216018007454643, 104.43370202477338, 55.76386769576052, 19.70641676350728, 20.511314664981025, 45.16669110051681, 43.67203702316513, 45.87022722770979], [55.12762543357146, 76.6480903223869, 54.37825202233856, 15.963614727339829, 12.945132576513105, 52.12413652113301, 42.69090626217798, 50.74810267024208, 75.85724155067508, 47.054316602100755, 48.640037871553155, 43.449885639745546, 62.1095787089179, 77.3687980652898, 71.06579328095735, 1.6433037757980238, 48.25492924522034, 43.6556169832317, 68.07084024279082, 27.250874892187078, 0.0, 74.05569671370604, 22.890681532374, 71.82028050520285, 44.74480665844671, 29.655899421993755, 96.7465841262425, 94.35002078998897, 30.918419575571644, 105.27444213715435, 33.8839206243852, 28.652047118137837, 47.71345772866794, 42.041984758941574, 19.0676869709785, 55.12762543357146], [19.187335845448974, 19.204894068230427, 72.9471365353976, 68.63342581753939, 85.69069308917557, 84.66940921070226, 81.55004690120164, 80.82689692800966, 80.32630576394627, 91.16171243751462, 105.49443644534577, 50.09843450793879, 13.522815614117206, 57.65564738883341, 25.829207456905753, 74.16721074183305, 65.83396912603268, 53.41069974542966, 11.3435751120743, 61.735779850039414, 74.05569671370604, 0.0, 82.52317138188815, 41.87918929651177, 100.57058272952068, 97.63027869634654, 48.389780516432964, 69.43458939056664, 86