{"max_q": 960000.0, "init_soc": 960000.0, "t_max": 20000, "css": [{"node_id": 31, "type": 0}, {"node_id": 32, "type": 1}, {"node_id": 33, "type": 1}, {"node_id": 34, "type": 1}, {"node_id": 35, "type": 0}], "process_times": [0, 0, 0, 0, 0, 0, 0, 0, 0, 0, 0, 0, 0, 0, 0, 0, 0, 0, 0, 0, 0, 0, 0, 0, 0, 0, 0, 0, 0, 0, 0, 0, 0, 0, 0, 0], "breakpoints_by_type": {"0": {"time": [0.0, 19.0, 23.0, 31.0], "charge": [0.0, 816000.0, 912000.0, 960000.0]}, "1": {"time": [0.0, 37.0, 46.0, 66.0], "charge": [0.0, 816000.0, 912000.0, 960000.0]}, "2": {"time": [0.0, 76.0, 92.0, 122.0], "charge": [0.0, 816000.0, 912000.0, 960000.0]}}, "energy_matrix": [[0.0, 11059.63946066959, 62567.30875625069, 440034.68329212413, 146636.12489765268, 120494.07661789846, 384726.05919667054, 283454.56977265334, 267193.802557245, 334356.98175752215, 318910.45961209864, 146385.6294176447, 365237.07112641237, 385198.89018531714, 384783.0760636439, 294652.55068470055, 300271.57395431225, 197826.42960433778, 199563.40157954814, 208140.02648457602, 434679.7420227908, 117458.3569823791, 469506.7211978972, 479939.3399170358, 399824.62718046777, 361983.9162518136, 402083.61770283553, 149819.92941528177, 168828.19854810985, 375108.0594308792, 412653.92582647275, 357732.5624681097, 560130.1930131958, 507206.590675831, 201102.95870523638, 0.0], [11059.63946066959, 0.0, 53875.06380506666, 435104.6835245514, 157292.184325859, 129675.52053105467, 375549.7969643973, 275620.90813289187, 266106.61632135336, 334197.14709285, 307966.5211106558, 150242.97196541342, 355501.6772112334, 379060.51380353514, 383141.60893852287, 283680.6765537618, 292303.8573128997, 187482.67419951106, 188923.2731163633, 203181.3260366218, 433800.02593360917, 111109.65867106245, 460578.12651601253, 469975.0691526094, 389979.5547525537, 351006.2819950663, 391286.50788137334, 147356.75459577687, 165370.56116491836, 371647.79445733293, 402693.6063870397, 349168.69221767294, 554062.6002537981, 499686.59802920464, 190895.03824091397, 11059.63946066959], [62567.30875625069, 53875.06380506666, 0.0, 385875.02915451786, 206838.55116974696, 153378.59408991857, 366353.5894460432, 221910.0324455837, 230297.26713532666, 301155.0732181014, 264567.1429429588, 141869.4932852022, 341261.966823143, 327399.60388644336, 344018.3207330679, 251687.23894945486, 238517.02769404114, 169955.97407858304, 142153.2557664438, 224458.47333081457, 397151.9608411873, 60954.747559152434, 452703.5350259593, 418360.5480025572, 374221.53949899785, 308184.299567645, 362561.96194581693, 181034.85334321676, 194579.66234938323, 326583.07997353445, 385574.91246838146, 295327.49723823555, 502356.0017557271, 446134.459832459, 140817.4283425173, 62567.30875625069], [440034.68329212413, 435104.6835245514, 385875.02915451786, 0.0, 550903.5492942481, 439337.7857639837, 615706.0992267333, 194394.2852169271, 210887.4240560589, 198712.0435454279, 365068.15288381424, 353250.9872597669, 575739.8093974396, 75764.8500295487, 138585.24677973482, 437747.73343216756, 187118.9277571887, 460058.39982550044, 338788.15836743766, 584541.3442392249, 165708.2017433054, 325076.17280415987, 690064.8964046787, 297771.00681564014, 592595.8023813533, 382821.40173323645, 514800.28955411445, 560332.2730755387, 568524.7801327573, 86569.69013459624, 594300.9086313095, 185521.7136887216, 133108.52010671597, 148977.5087890786, 316579.78852099826, 440034.68329212413], [146636.12489765268, 157292.184325859, 206838.55116974696, 550903.5492942481, 0.0, 118248.17387596307, 492644.45216606266, 418614.7826462893, 351294.90816122, 404211.07187334687, 464581.65657395474, 202992.9693979572, 481605.70101484476, 506992.5498712975, 466951.4335024575, 433312.0180655045, 435973.9742805757, 327759.3448324548, 346193.18396669807, 278253.8813745462, 506881.55051254336, 250881.67031491164, 571818.361129651, 625086.7204836461, 517057.40312367654, 507269.98358862125, 535603.2043406761, 207515.13348428358, 231055.14763796114, 474881.43322833756, 531407.6030929554, 496320.0636937822, 678817.7452379984, 637798.9063960521, 347285.8377835181, 146636.12489765268], [120494.07661789846, 129675.52053105467, 153378.59408991857, 439337.7857639837, 118248.17387596307, 0.0, 505172.1247505646, 327712.59225882665, 234919.5513894065, 285982.16946166416, 414723.40330634825, 86658.46756087945, 484973.7138495239, 401748.30740153714, 349239.82537076145, 404842.33736727684, 345129.01663725695, 315700.7384375272, 291196.80844748276, 320411.7712023077, 388634.20220690814, 171109.78383774555, 589997.9290217889, 548975.5117489303, 519281.06551269506, 458451.3939612355, 515164.32147907914, 254417.88704806112, 276558.11437200673, 360381.87558477465, 531758.7798993074, 407718.11493972153, 569695.9567392066, 537345.4178877865, 284804.81474160514, 120494.07661789846], [384726.05919667054, 375549.7969643973, 366353.5894460432, 615706.0992267333, 492644.45216606266, 505172.1247505646, 0.0, 425956.5294721987, 558220.9743909665, 628467.5513699972, 257436.06609214644, 507975.39864150906, 41240.18064945885, 539980.3590178073, 645797.036614446, 178119.4578085168, 429881.10565597087, 197543.52210335826, 294649.9162141405, 224993.52490682926, 703496.5618252871, 394734.127293296, 86475.26019041515, 433112.5842376321, 48441.69820516205, 258374.0312028281, 145279.8205188869, 290247.45153919957, 268551.82460746757, 600546.7118592858, 62468.51707060125, 437789.4421123013, 677988.3516698498, 581927.479373504, 317464.8651819599, 384726.05919667054], [283454.56977265334, 275620.90813289187, 221910.0324455837, 194394.2852169271, 418614.7826462893, 327712.59225882665, 425956.5294721987, 0.0, 184761.55241283285, 236766.16233110678, 188961.79673415475, 256461.89409929892, 387074.78928496497, 121368.65585891601, 230538.48377223266, 249969.88068565386, 17477.413996355415, 266043.2683324275, 144745.5893110391, 395463.62822641485, 286703.0563143685, 168246.41526641807, 503968.5537064788, 230084.7085857728, 407241.2499059986, 219074.47363853236, 340622.3733843683, 379720.4967143597, 384612.8995496641, 177018.0658153286, 410897.26590110094, 80142.01847345749, 289235.0082545334, 224408.8484218035, 123084.41463077287, 283454.56977265334], [267193.802557245, 266106.61632135336, 230297.26713532666, 210887.4240560589, 351294.90816122, 234919.5513894065, 558220.9743909665, 184761.55241283285, 0.0, 72136.31626996213, 359256.4587102088, 148495.92797447345, 524421.9353249824, 193160.18126156335, 118436.99274297705, 398669.6658889412, 196576.73120183882, 367291.72414444626, 266265.7284086707, 453889.44138413266, 167734.1087853034, 176289.88910314738, 642843.830665738, 406047.1809100514, 551399.6174509011, 395752.83479717484, 503697.81119238544, 410115.2863829877, 424736.23726967303, 127211.60766612452, 558594.3659087515, 250961.3976790056, 343884.88808029937, 332722.3504665714, 244936.78393618224, 267193.802557245], [334356.98175752215, 334197.14709285, 301155.0732181014, 198712.0435454279, 404211.07187334687, 285982.16946166416, 628467.5513699972, 236766.16233110678, 72136.31626996213, 0.0, 420401.16555499705, 203317.3781308425, 593952.7869494343, 207905.33001825624, 69196.71686575892, 465673.86455007334, 245153.708160819, 438905.97227652307, 335005.31339069834, 525279.0169281466, 103009.84479650474, 248280.05482720523, 712567.5441668669, 442059.9125118676, 620081.7214287162, 454335.14955922135, 568109.2770101541, 479785.45205122675, 495107.85756741936, 113831.32257862946, 626721.4782102174, 290706.54017410753, 328313.8599343623, 339290.7575001123, 313017.2059967312, 334356.98175752215], [318910.45961209864, 307966.5211106558, 264567.1429429588, 365068.15288381424, 464581.65657395474, 414723.40330634825, 257436.06609214644, 188961.79673415475, 359256.4587102088, 420401.16555499705, 0.0, 373819.57713581563, 216297.7765142305, 289724.6214079846, 419473.5517586299, 84822.48006867048, 187154.8172636761, 172472.1499257199, 123527.89158728486, 316120.5159824335, 475617.6017821459, 249271.21900652707, 326222.7229976477, 199355.95363570156, 228886.2626939415, 43732.97525895075, 152115.10649833566, 335937.04767411406, 328749.36596897035, 364824.30017749645, 229577.0703924937, 182104.2627178178, 420559.66951789375, 325514.489884859, 132731.99030376962, 318910.45961209864], [146385.6294176447, 150242.97196541342, 141869.4932852022, 353250.9872597669, 202992.9693979572, 86658.46756087945, 507975.39864150906, 256461.89409929892, 148495.92797447345, 203317.3781308425, 373819.57713581563, 0.0, 481814.3658350174, 318774.5637594067, 264173.13569892, 381267.0496187679, 273405.08064957394, 310899.76077507687, 253607.1297302188, 353317.39006875956, 306323.3310164278, 125822.30773992353, 594390.2600564718, 484325.28583587287, 514061.22689811967, 416689.80144107196, 493214.125025835, 296070.7622343011, 315182.7416357057, 273734.1981740681, 524755.5716712306, 336265.9605877467, 484289.9370470133, 456375.6162690991, 241146.49593141518, 146385.6294176447], [365237.07112641237, 355501.6772112334, 341261.966823143, 575739.8093974396, 481605.70101484476, 484973.7138495239, 41240.18064945885, 387074.78928496497, 524421.9353249824, 593952.7869494343, 216297.7765142305, 481814.3658350174, 0.0, 499982.3403131354, 609036.6860871355, 137997.7581339639, 390457.6065336671, 171315.3178352712, 259111.41064221776, 225373.31530152366, 666693.7602827853, 365018.72041033726, 118698.84424458396, 392956.8654763522, 35457.87112898914, 217405.47946176512, 110190.7493848735, 285333.4069557927, 265265.57447207504, 562474.1444057673, 50315.833740483744, 396991.2664341623, 636823.2113389084, 540687.4062247057, 281563.2755261239, 365237.07112641237], [385198.89018531714, 379060.51380353514, 327399.60388644336, 75764.8500295487, 506992.5498712975, 401748.30740153714, 539980.3590178073, 121368.65585891601, 193160.18126156335, 207905.33001825624, 289724.6214079846, 318774.5637594067, 499982.3403131354, 0.0, 166975.62134934554, 361993.89238632185, 112395.9769075388, 387310.4132992037, 266062.8990483265, 515725.85559093306, 211536.9249681956, 267952.8748213014, 614360.3472311669, 243045.6438613948, 516901.8499676703, 308950.745467623, 440110.5124000107, 496014.9254306769, 502570.455881561, 102116.8999235681, 518730.6454220726, 112558.23492752535, 175011.25856641342, 139966.41784728214, 244436.9550620364, 385198.89018531714], [384783.0760636439, 383141.60893852287, 344018.3207330679, 138585.24677973482, 466951.4335024575, 349239.82537076145, 645797.036614446, 230538.48377223266, 118436.99274297705, 69196.71686575892, 419473.5517586299, 264173.13569892, 609036.6860871355, 166975.62134934554, 0.0, 475310.6997007326, 234170.37067058674, 464465.6990833661, 351573.7698193651, 564534.2117622278, 57703.422775429855, 286330.96453230485, 727484.4315344489, 409541.6531013665, 632360.7776617712, 448614.6926929612, 570833.5188564175, 524970.347376878, 538327.5768526074, 64874.999999999935, 637402.302808046, 267037.5500280812, 263127.0653125596, 285525.0098502756, 328540.0061255859, 384783.0760636439], [294652.55068470055, 283680.6765537618, 251687.23894945486, 437747.73343216756, 433312.0180655045, 404842.33736727684, 178119.4578085168, 249969.88068565386, 398669.6658889412, 465673.86455007334, 84822.48006867048, 381267.0496187679, 137997.7581339639, 361993.89238632185, 475310.6997007326, 0.0, 252697.98426184565, 111328.5256571738, 134079.96914155377, 244180.14354160745, 532729.1865948401, 256539.86532311112, 254002.05830858927, 280468.80508356, 157443.72208824332, 104090.54351861168, 111962.8174886645, 275962.5484101058, 264585.2249276214, 426327.31923370814, 162102.2767421852, 260312.07833099103, 502449.00860684365, 409258.500217161, 154000.86241641635, 294652.55068470055], [300271.57395431225, 292303.8573128997, 238517.02769404114, 187118.9277571887, 435973.9742805757, 345129.01663725695, 429881.10565597087, 17477.413996355415, 196576.73120183882, 245153.708160819, 187154.8172636761, 273405.08064957394, 390457.6065336671, 112395.9769075388, 234170.37067058674, 252697.98426184565, 0.0, 275621.65304090315, 154776.9059808342, 407658.9521278786, 289331.492409658, 185470.04138135086, 506461.5169240404, 214462.3000086495, 409341.8994251627, 214462.54917817234, 339264.47095149825, 393919.71342521056, 398179.3722683283, 177715.89862755671, 412340.51234992663, 62918.02702723601, 276140.9965941313, 208324.70148784562, 134063.18706117652, 300271.57395431225], [197826.42960433778, 187482.67419951106, 169955.97407858304, 460058.39982550044, 327759.3448324548, 315700.7384375272, 197543.52210335826, 266043.2683324275, 367291.72414444626, 438905.97227652307, 172472.1499257199, 310899.76077507687, 171315.3178352712, 387310.4132992037, 464465.6990833661, 111328.5256571738, 275621.65304090315, 0.0, 121313.28245497277, 145272.13471619395, 521728.5339379091, 198121.73814349595, 284013.384367709, 369559.7126987735, 204566.8136575432, 206372.37733039758, 207843.99949240778, 165839.83990585612, 156702.13982265844, 427474.6571435551, 216429.91071014194, 306402.4559301051, 548447.5960609182, 466382.8369751614, 143556.3870052461, 197826.42960433778], [199563.40157954814, 188923.2731163633, 142153.2557664438, 338788.15836743766, 346193.18396669807, 291196.80844748276, 294649.9162141405, 144745.5893110391, 266265.7284086707, 335005.31339069834, 123527.89158728486, 253607.1297302188, 259111.41064221776, 266062.8990483265, 351573.7698193651, 134079.96914155377, 154776.9059808342, 121313.28245497277, 0.0, 254959.5960637685, 409266.1213990231, 127855.29173640013, 377801.67416251614, 285554.55914763466, 285205.6823592405, 167254.5907441706, 243813.7416656412, 250488.32308113686, 250805.66306405442, 309652.4664846059, 292348.133652329, 191469.87360940102, 429523.06180809427, 352310.4144430022, 23207.137910565307, 199563.40157954814], [208140.02648457602, 203181.3260366218, 224458.47333081457, 584541.3442392249, 278253.8813745462, 320411.7712023077, 224993.52490682926, 395463.62822641485, 453889.44138413266, 525279.0169281466, 316120.5159824335, 353317.39006875956, 225373.31530152366, 515725.85559093306, 564534.2117622278, 244180.14354160745, 407658.9521278786, 145272.13471619395, 254959.5960637685, 0.0, 619283.8333510733, 278506.8221785599, 297377.8373130721, 514462.48223266966, 259352.7436234288, 346448.77868164005, 310861.6734176151, 70826.7295941299, 47211.29367005314, 538919.7163075405, 275020.1322176251, 445984.8939426088, 683678.7814829418, 606836.7675907584, 273917.0141210655, 208140.02648457602], [434679.7420227908, 433800.02593360917, 397151.9608411873, 165708.2017433054, 506881.55051254336, 388634.20220690814, 703496.5618252871, 286703.0563143685, 167734.1087853034, 103009.84479650474, 475617.6017821459, 306323.3310164278, 666693.7602827853, 211536.9249681956, 57703.422775429855, 532729.1865948401, 289331.492409658, 521728.5339379091, 409266.1213990231, 619283.8333510733, 0.0, 340778.49293932854, 785111.2663979545, 454051.49281221395, 689873.3728917213, 503657.7632678761, 627301.5512893301, 577586.5892877015, 591729.942625857, 113536.94607923883, 694793.6406768559, 317737.7544847322, 273087.5546413641, 314299.0236224096, 386239.4051944985, 434679.7420227908], [117458.3569823791, 111109.65867106245, 60954.747559152434, 325076.17280415987, 250881.67031491164, 171109.78383774555, 394734.127293296, 168246.41526641807, 176289.88910314738, 248280.05482720523, 249271.21900652707, 125822.30773992353, 365018.72041033726, 267952.8748213014, 286330.96453230485, 256539.86532311112, 185470.04138135086, 198121.73814349595, 127855.29173640013, 278506.8221785599, 340778.49293932854, 0.0, 480970.2985892164, 379407.5653238875, 395586.2113686472, 292576.62457892974, 368300.43442819885, 240433.12089851513, 252459.2467112266, 266099.75690518774, 405192.2113330907, 245439.98375366637, 442953.0350387048, 390592.19462247315, 116708.89265604399, 117458.3569823791], [469506.7211978972, 460578.12651601253, 452703.5350259593, 690064.8964046787, 571818.361129651, 589997.9290217889, 86475.26019041515, 503968.5537064788, 642843.830665738, 712567.5441668669, 326222.7229976477, 594390.2600564718, 118698.84424458396, 614360.3472311669, 727484.4315344489, 254002.05830858927, 506461.5169240404, 284013.384367709, 377801.67416251614, 297377.8373130721, 785111.2663979545, 480970.2985892164, 0.0, 483343.4454401962, 97485.05654714469, 318472.1583200013, 188873.7226958795, 366072.1035533846, 343305.11666009296, 680096.1292346839, 97587.01886009223, 508326.9838401263, 743444.44858039, 644398.9568776472, 400259.94210013066, 469506.7211978972], [479939.3399170358, 469975.0691526094, 418360.5480025572, 297771.00681564014, 625086.7204836461, 548975.5117489303, 433112.5842376321, 230084.7085857728, 406047.1809100514, 442059.9125118676, 199355.95363570156, 484325.28583587287, 392956.8654763522, 243045.6438613948, 409541.6531013665, 280468.80508356, 214462.3000086495, 369559.7126987735, 285554.55914763466, 514462.48223266966, 454051.49281221395, 379407.5653238875, 483343.4454401962, 0.0, 393461.3227497716, 178806.5592337149, 294798.8986156495, 528172.6102800106, 523588.3217041801, 344730.954876408, 388038.28741504357, 155223.0048994027, 287025.0391951894, 184163.48884890295, 279448.188399925, 479939.3399170358], [399824.62718046777, 389979.5547525537, 374221.53949899785, 592595.8023813533, 517057.40312367654, 519281.06551269506, 48441.69820516205, 407241.2499059986, 551399.6174509011, 620081.7214287162, 228886.2626939415, 514061.22689811967, 35457.87112898914, 516901.8499676703, 632360.7776617712, 157443.72208824332, 409341.8994251627, 204566.8136575432, 285205.6823592405, 259352.7436234288, 689873.3728917213, 395586.2113686472, 97485.05654714469, 393461.3227497716, 0.0, 223242.29689957947, 100556.65380769191, 320374.59520068066, 300047.44312358345, 583761.4292243023, 15853.233108738421, 410970.50532854546, 647280.2991170054, 549115.0750298155, 307069.78441390157, 399824.62718046777], [361983.9162518136, 351006.2819950663, 308184.299567645, 382821.40173323645, 507269.98358862125, 458451.3939612355, 258374.0312028281, 219074.47363853236, 395752.83479717484, 454335.14955922135, 43732.97525895075, 416689.80144107196, 217405.47946176512, 308950.745467623, 448614.6926929612, 104090.54351861168, 214462.54917817234, 206372.37733039758, 167254.5907441706, 346448.77868164005, 503657.7632678761, 292576.62457892974, 318472.1583200013, 178806.5592337149, 223242.29689957947, 0.0, 133487.73820092992, 371835.00121021416, 362985.0306830848, 391242.70999598195, 220905.86371801, 197317.5882302437, 425163.4568022045, 326011.5507922993, 175894.95622387808, 361983.9162518136], [402083.61770283553, 391286.50788137334, 362561.96194581693, 514800.28955411445, 535603.2043406761, 515164.32147907914, 145279.8205188869, 340622.3733843683, 503697.81119238544, 568109.2770101541, 152115.10649833566, 493214.125025835, 110190.7493848735, 440110.5124000107, 570833.5188564175, 111962.8174886645, 339264.47095149825, 207843.99949240778, 243813.7416656412, 310861.6734176151, 627301.5512893301, 368300.43442819885, 188873.7226958795, 294798.8986156495, 100556.65380769191, 133487.73820092992, 0.0, 359030.7655689133, 342830.1273954785, 516900.4407281929, 93458.69742832928, 329717.8196958727, 557665.1112002616, 457259.5679698786, 261926.8134899518, 402083.61770283553], [149819.92941528177, 147356.75459577687, 181034.85334321676, 560332.2730755387, 207515.13348428358, 254417.88704806112, 290247.45153919957, 379720.4967143597, 410115.2863829877, 479785.45205122675, 335937.04767411406, 296070.7622343011, 285333.4069557927, 496014.9254306769, 524970.347376878, 275962.5484101058, 393919.71342521056, 165839.83990585612, 250488.32308113686, 70826.7295941299, 577586.5892877015, 240433.12089851513, 366072.1035533846, 528172.6102800106, 320374.59520068066, 371835.00121021416, 359030.7655689133, 0.0, 23649.748941584934, 506320.1062569015, 335627.7569719167, 439991.8323105555, 668576.8098169424, 599752.8475338821, 265169.81587277236, 149819.92941528177], [168828.19854810985, 165370.56116491836, 194579.66234938323, 568524.7801327573, 231055.14763796114, 276558.11437200673, 268551.82460746757, 384612.8995496641, 424736.23726967303, 495107.85756741936, 328749.36596897035, 315182.7416357057, 265265.57447207504, 502570.455881561, 538327.5768526074, 264585.2249276214, 398179.3722683283, 156702.13982265844, 250805.66306405442, 47211.29367005314, 591729.942625857, 252459.2467112266, 343305.11666009296, 523588.3217041801, 300047.44312358345, 362985.0306830848, 342830.1273954785, 23649.748941584934, 0.0, 517276.78338100575, 315455.4653592168, 441774.6576310144, 673843.425804541, 602234.7476275342, 267068.0074906015, 168828.19854810985], [375108.0594308792, 371647.79445733293, 326583.07997353445, 86569.69013459624, 474881.43322833756, 360381.87558477465, 600546.7118592858, 177018.0658153286, 127211.60766612452, 113831.32257862946, 364824.30017749645, 273734.1981740681, 562474.1444057673, 102116.8999235681, 64874.999999999935, 426327.31923370814, 177715.89862755671, 427474.6571435551, 309652.4664846059, 538919.7163075405, 113536.94607923883, 266099.75690518774, 680096.1292346839, 344730.954876408, 583761.4292243023, 391242.70999598195, 516900.4407281929, 506320.1062569015, 517276.78338100575, 0.0, 587747.2128815246, 204352.91165040937, 219105.29574841415, 225966.48672978036, 286458.1579393403, 375108.0594308792], [412653.92582647275, 402693.6063870397, 385574.91246838146, 594300.9086313095, 531407.6030929554, 531758.7798993074, 62468.51707060125, 410897.26590110094, 558594.3659087515, 626721.4782102174, 229577.0703924937, 524755.5716712306, 50315.833740483744, 518730.6454220726, 637402.302808046, 162102.2767421852, 412340.51234992663, 216429.91071014194, 292348.133652329, 275020.1322176251, 694793.6406768559, 405192.2113330907, 97587.01886009223, 388038.28741504357, 15853.233108738421, 220905.86371801, 93458.69742832928, 335627.7569719167, 315455.4653592168, 587747.2128815246, 0.0, 411558.2477001282, 645862.0155458904, 546876.7394258052, 313817.243790076, 412653.92582647275], [357732.5624681097, 349168.69221767294, 295327.49723823555, 185521.7136887216, 496320.0636937822, 407718.11493972153, 437789.4421123013, 80142.01847345749, 250961.3976790056, 290706.54017410753, 182104.2627178178, 336265.9605877467, 396991.2664341623, 112558.23492752535, 267037.5500280812, 260312.07833099103, 62918.02702723601, 306402.4559301051, 191469.87360940102, 445984.8939426088, 317737.7544847322, 245439.98375366637, 508326.9838401263, 155223.0048994027, 410970.50532854546, 197317.5882302437, 329717.8196958727, 439991.8323105555, 441774.6576310144, 204352.91165040937, 411558.2477001282, 0.0, 244219.03718793092, 160879.54539033226, 174875.9739072238, 357732.5624681097], [560130.1930131958, 554062.6002537981, 502356.0017557271, 133108.52010671597, 678817.7452379984, 569695.9567392066, 677988.3516698498, 289235.0082545334, 343884.88808029937, 328313.8599343623, 420559.66951789375, 484289.9370470133, 636823.2113389084, 175011.25856641342, 263127.0653125596, 502449.00860684365, 276140.9965941313, 548447.5960609182, 429523.06180809427, 683678.7814829418, 273087.5546413641, 442953.0350387048, 743444.44858039, 287025.0391951894, 647280.2991170054, 425163.4568022045, 557665.1112002616, 668576.8098169424, 673843.425804541, 219105.29574841415, 645862.0155458904, 244219.03718793092, 0.0, 103342.32554960239, 409796.13605425815, 560130.1930131958], [507206.590675831, 499686.59802920464, 446134.459832459, 148977.5087890786, 637798.9063960521, 537345.4178877865, 581927.479373504, 224408.8484218035, 332722.3504665714, 339290.7575001123, 325514.489884859, 456375.6162690991, 540687.4062247057, 139966.41784728214, 285525.0098502756, 409258.500217161, 208324.70148784562, 466382.8369751614, 352310.4144430022, 606836.7675907584, 314299.0236224096, 390592.19462247315, 644398.9568776472, 184163.48884890295, 549115.0750298155, 326011.5507922993, 457259.5679698786, 599752.8475338821, 602234.7476275342, 225966.48672978036, 546876.7394258052, 160879.54539033226, 103342.32554960239, 0.0, 335166.74301756127, 507206.590675831], [201102.95870523638, 190895.03824091397, 140817.4283425173, 316579.78852099826, 347285.8377835181, 284804.81474160514, 317464.8651819599, 123084.41463077287, 244936.78393618224, 313017.2059967312, 132731.99030376962, 241146.49593141518, 281563.2755261239, 244436.9550620364, 328540.0061255859, 154000.86241641635, 134063.18706117652, 143556.3870052461, 23207.137910565307, 273917.0141210655, 386239.4051944985, 116708.89265604399, 400259.94210013066, 279448.188399925, 307069.78441390157, 175894.95622387808, 261926.8134899518, 265169.81587277236, 267068.0074906015, 286458.1579393403, 313817.243790076, 174875.9739072238, 409796.13605425815, 335166.74301756127, 0.0, 201102.95870523638], [0.0, 11059.63946066959, 62567.30875625069, 440034.68329212413, 146636.12489765268, 120494.07661789846, 384726.05919667054, 283454.56977265334, 267193.802557245, 334356.98175752215, 318910.45961209864, 146385.6294176447, 365237.07112641237, 385198.89018531714, 384783.0760636439, 294652.55068470055, 300271.57395431225, 197826.42960433778, 199563.40157954814, 208140.02648457602, 434679.7420227908, 117458.3569823791, 469506.7211978972, 479939.3399170358, 399824.62718046777, 361983.9162518136, 402083.61770283553, 149819.92941528177, 168828.19854810985, 375108.0594308792, 412653.92582647275, 357732.5624681097, 560130.1930131958, 507206.590675831, 201102.95870523638, 0.0]], "time_matrix": [[0.0, 2.2119267861705247, 12.513455494522391, 88.0068926549785, 29.32721031592538, 24.098803274178056, 76.94517336674743, 56.69088560908786, 53.438733792082104, 66.87136291582297, 63.78206003138971, 29.277111244973316, 73.04737770159362, 77.03973951719367, 76.95657673444042, 58.93048067169977, 60.05428476372006, 39.565266138234485, 39.91266035957945, 41.62798448292296, 86.93590493660568, 23.491659650645992, 93.9012972889308, 95.98781998949715, 79.96488545365082, 72.3967470519892, 80.41668333222545, 29.9639709010709, 33.76562282681056, 75.02157437538864, 82.5307438999226, 71.54647672038358, 112.02598258964787, 101.44126741453249, 40.22057163076146, 0.0], [2.2119267861705247, 0.0, 10.775007373509645, 87.02089319446368, 31.45842113596123, 25.935091138665367, 75.10992183791853, 55.12415406450134, 53.221296653622346, 66.83939599887199, 61.59327342549445, 30.048579368793, 71.10029989209673, 75.8120648546746, 76.62828347356283, 56.73610694269889, 58.46074223220883, 37.49651609164417, 37.7846357309548, 40.63624488920191, 86.75996180674093, 22.221920623252178, 92.11557924541287, 93.99496683303846, 77.99587195257476, 70.20122129840261, 78.25726244764344, 29.47133618348728, 33.07409569593582, 74.32952172670572, 80.53868100806744, 69.83370352668283, 110.8124646445273, 99.93726963720611, 38.178988558688516, 2.2119267861705247], [12.513455494522391, 10.775007373509645, 0.0, 77.17496724341994, 41.367689550104615, 30.675703480131975, 73.270681253868, 44.381984298124586, 46.059430397350134, 60.23098452812802, 52.91340213189069, 28.3738844700982, 68.25235923844899, 65.47988803734465, 68.80362974479871, 50.337422621179655, 47.703381687117385, 33.991177820127696, 28.43063693797029, 44.891672220326804, 79.43035245306123, 12.19094341635878, 90.54066173486099, 83.67206776447755, 74.84427047766432, 61.63682909511445, 72.51235613298532, 36.20695256516707, 38.91591301192014, 65.31658333641522, 77.11494393620431, 59.06546991491215, 100.47115011557037, 89.22684735306812, 28.163471586767667, 12.513455494522391], [88.0068926549785, 87.02089319446368, 77.17496724341994, 0.0, 110.18065476852225, 87.86751321904012, 123.14115827476752, 38.878837603966616, 42.177463722479914, 39.74238883789116, 73.01359406996582, 70.65016212687232, 115.14790430553576, 15.152962429428525, 27.717035497429215, 87.54950291168205, 37.42376683955432, 92.0116339592831, 67.75759779468864, 116.90821039373978, 33.14162377784919, 65.01520205323095, 138.0129102744806, 59.55417158604223, 118.51910121672006, 76.56424206452625, 102.96000643081967, 112.06639858190844, 113.70489917410187, 17.313929369954565, 118.86012229620074, 37.10432418558223, 26.621690710497838, 29.795486860072288, 63.31592604623663, 88.0068926549785], [29.32721031592538, 31.45842113596123, 41.367689550104615, 110.18065476852225, 0.0, 23.64962295038114, 98.52884116879196, 83.72291466780052, 70.25894650277075, 80.8421739535824, 92.91628485664852, 40.59857358030465, 96.32109204242293, 101.39845927502986, 93.3902400053715, 86.66236028192075, 87.1947512587395, 65.55183619057287, 69.23860217403852, 55.650748449535016, 101.37625941437896, 50.17630897482784, 114.36361504412268, 125.01728158808842, 103.41142891902085, 101.45394599075125, 107.12058730784156, 41.50300594535374, 46.211006422089014, 94.97623915754792, 106.28146747785736, 99.26396310677488, 135.7634811658591, 127.55971749935166, 69.4571328281372, 29.32721031592538], [24.098803274178056, 25.935091138665367, 30.675703480131975, 87.86751321904012, 23.64962295038114, 0.0, 101.0343744329257, 65.54248568052249, 46.983886785937905, 57.19640529413018, 82.94463918895005, 17.331684846333467, 96.99469427255764, 80.34962130549677, 69.84793015018722, 80.96842698924186, 69.02576881456697, 63.140116117447384, 58.23933256983027, 64.08232219930044, 77.72680157798084, 34.22193965657928, 117.99952680459438, 109.79504745226234, 103.85616117445842, 91.69023294713062, 103.03281277940944, 50.88355196783624, 55.31159521860374, 72.07633907878538, 106.35170280401007, 81.5435822161532, 113.93913437827412, 107.46902984304239, 56.96093446785379, 24.098803274178056], [76.94517336674743, 75.10992183791853, 73.270681253868, 123.14115827476752, 98.52884116879196, 101.0343744329257, 0.0, 85.19126329880808, 111.64413905612378, 125.69344742727571, 51.48718747483555, 101.59502893078735, 8.248032005875768, 107.99601780555254, 129.15934274321782, 35.62387374976648, 85.9761781431051, 39.508684666329316, 58.92995377785121, 44.99868248202461, 140.6992420154364, 78.9467859852662, 17.295043390561336, 86.62247353628965, 9.688334796865012, 51.67478040317542, 29.05594957580259, 58.04946128310927, 53.710338066324475, 120.10928231721601, 12.493697167271666, 87.55784464353793, 135.59760253516868, 116.38543768198195, 63.49294128992133, 76.94517336674743], [56.69088560908786, 55.12415406450134, 44.381984298124586, 38.878837603966616, 83.72291466780052, 65.54248568052249, 85.19126329880808, 0.0, 36.95229200642056, 47.353208789616964, 37.792340450660724, 51.292353173683196, 77.41491914953342, 24.273719034923683, 46.10767370060968, 49.9939511401552, 3.495481051530557, 53.20862706217196, 28.949103387656127, 79.09268609893992, 57.34058259258241, 33.649266228650504, 100.79366034446558, 46.01691870869521, 81.44820925709509, 43.81487282027006, 68.12444061465335, 75.94406137084125, 76.9225414486621, 35.40359546126799, 82.17941209051415, 16.028395680493656, 57.846972727420315, 44.88174724348708, 24.616870617719265, 56.69088560908786], [53.438733792082104, 53.221296653622346, 46.059430397350134, 42.177463722479914, 70.25894650277075, 46.983886785937905, 111.64413905612378, 36.95229200642056, 0.0, 14.427256040364407, 71.85125581641385, 29.699170745309317, 104.88433462282916, 38.632016936304204, 23.687386704902057, 79.7338933108416, 39.31532658270447, 73.4583080997352, 53.25311905517461, 90.7778428879051, 33.546804983658184, 35.25796019164938, 128.56870184879665, 81.20939557731249, 110.27986835024605, 79.15052738417128, 100.73951186872115, 82.02301626508941, 84.94720498033212, 25.442308812070497, 111.71881732234162, 50.1922544396739, 68.77694322758826, 66.54443682109587, 48.987332293570304, 53.438733792082104], [66.87136291582297, 66.83939599887199, 60.23098452812802, 39.74238883789116, 80.8421739535824, 57.19640529413018, 125.69344742727571, 47.353208789616964, 14.427256040364407, 0.0, 84.08019107090388, 40.66345529444085, 118.79049799463786, 41.58104521312864, 13.839336453483556, 93.1347263426515, 49.03071711680524, 87.78115056472933, 67.00102917762509, 105.05575085775388, 20.601958658321617, 49.655986137447975, 142.5134375766546, 88.41193829640437, 124.0162822776021, 90.86698447835202, 113.62179859113152, 95.95704243172413, 99.02152200272286, 22.766253132599328, 125.34423296992699, 58.14127896418203, 65.66273915550288, 67.85811757096367, 62.603409897641285, 66.87136291582297], [63.78206003138971, 61.59327342549445, 52.91340213189069, 73.01359406996582, 92.91628485664852, 82.94463918895005, 51.48718747483555, 37.792340450660724, 71.85125581641385, 84.08019107090388, 0.0, 74.7638780452241, 43.25953367307926, 57.94489530914926, 83.89466840439178, 16.96448753149033, 37.43094473726285, 34.49441273793761, 24.70556596467399, 63.22407158445091, 95.12347279469279, 49.85421887419597, 65.24451197727355, 39.87117079155491, 45.777229650173474, 8.74659067849481, 30.42300608816409, 67.18737594113485, 65.74984031887391, 72.96482355308751, 45.91539112080318, 36.420834333146395, 84.11189184763283, 65.1028654255391, 26.546384787561532, 63.78206003138971], [29.277111244973316, 30.048579368793, 28.3738844700982, 70.65016212687232, 40.59857358030465, 17.331684846333467, 101.59502893078735, 51.292353173683196, 29.699170745309317, 40.66345529444085, 74.7638780452241, 0.0, 96.36282498559099, 63.7548808744409, 52.834600722483636, 76.25337179706769, 54.6809887894204, 62.17992106505484, 50.72140058534347, 70.66344268203058, 61.26463557096776, 25.164448965760222, 118.87799257229807, 96.8650087346702, 102.81219397352695, 83.33791861925509, 98.64277568377915, 59.21412283979879, 63.03651680888274, 54.7468122614075, 104.95106185871519, 67.2531584909701, 96.85793898043318, 91.27507761628101, 48.2292750716455, 29.277111244973316], [73.04737770159362, 71.10029989209673, 68.25235923844899, 115.14790430553576, 96.32109204242293, 96.99469427255764, 8.248032005875768, 77.41491914953342, 104.88433462282916, 118.79049799463786, 43.25953367307926, 96.36282498559099, 0.0, 99.99641806441805, 121.80727631378892, 27.599537827023866, 78.09148226099228, 34.263046435531024, 51.82225621731544, 45.07464052298447, 133.33868538721435, 73.00370758021366, 23.7397569790383, 78.59133379960355, 7.091570680012488, 43.48107415181595, 22.03813885790527, 57.0666528578321, 53.05308836787083, 112.49477263376714, 10.063161716515891, 79.39821358772565, 127.36457858549238, 108.13742717622755, 56.3126269489113, 73.04737770159362], [77.03973951719367, 75.8120648546746, 65.47988803734465, 15.152962429428525, 101.39845927502986, 80.34962130549677, 107.99601780555254, 24.273719034923683, 38.632016936304204, 41.58104521312864, 57.94489530914926, 63.7548808744409, 99.99641806441805, 0.0, 33.39510757231532, 72.39874227789323, 22.479184141915688, 77.46204392881877, 53.212553203388694, 103.14511954562684, 42.3073638399572, 53.59054816898619, 122.87200801022937, 48.60910446772672, 103.3803183033749, 61.7901181984655, 88.0220584689729, 99.20293548466765, 100.51404091929173, 20.423369773028732, 103.74607721137592, 22.511635729687203, 35.002234212165575, 27.99326957282164, 48.887366568724, 77.03973951719367], [76.95657673444042, 76.62828347356283, 68.80362974479871, 27.717035497429215, 93.3902400053715, 69.84793015018722, 129.15934274321782, 46.10767370060968, 23.687386704902057, 13.839336453483556, 83.89466840439178, 52.834600722483636, 121.80727631378892, 33.39510757231532, 0.0, 95.06209240910032, 46.83405071709199, 92.89309337012652, 70.31471880651362, 112.90678589905262, 11.540678784746579, 57.26616427337883, 145.49681355848298, 81.90828966612845, 126.47209229630808, 89.72289367714541, 114.16664668796015, 104.99401697836711, 107.6654615377907, 12.97499351250323, 127.48039682141079, 53.40748330187459, 52.625386749818546, 57.10497341756841, 65.70796837113299, 76.95657673444042], [58.93048067169977, 56.73610694269889, 50.337422621179655, 87.54950291168205, 86.66236028192075, 80.96842698924186, 35.62387374976648, 49.9939511401552, 79.7338933108416, 93.1347263426515, 16.96448753149033, 76.25337179706769, 27.599537827023866, 72.39874227789323, 95.06209240910032, 0.0, 50.539571582583335, 22.26569399858776, 26.815980420320543, 48.836004290319345, 106.545784046076, 51.30794741064852, 50.80038626152472, 56.09373296984552, 31.488728673284328, 20.818098294673188, 22.39255230145675, 55.192482085780114, 52.917018527015024, 85.26542121403102, 32.420439138217475, 52.062389635003385, 100.489751476493, 81.85165911760265, 30.800157083204727, 58.93048067169977], [60.05428476372006, 58.46074223220883, 47.703381687117385, 37.42376683955432, 87.1947512587395, 69.02576881456697, 85.9761781431051, 3.495481051530557, 39.31532658270447, 49.03071711680524, 37.43094473726285, 54.6809887894204, 78.09148226099228, 22.479184141915688, 46.83405071709199, 50.539571582583335, 0.0, 55.124303046029105, 30.955365718483982, 81.53174965970089, 57.86626954879682, 37.09398972927531, 101.29225273868171, 42.89243855551062, 81.86833895086306, 42.89248838939027, 67.85286026386952, 78.78390329309046, 79.63583463574834, 35.543161953930365, 82.4680612359547, 12.583599113647644, 55.2281717047404, 41.66491946510939, 26.8126240059233, 60.05428476372006], [39.565266138234485, 37.49651609164417, 33.991177820127696, 92.0116339592831, 65.55183619057287, 63.140116117447384, 39.508684666329316, 53.20862706217196, 73.4583080997352, 87.78115056472933, 34.49441273793761, 62.17992106505484, 34.263046435531024, 77.46204392881877, 92.89309337012652, 22.26569399858776, 55.124303046029105, 0.0, 24.26264435967237, 29.05441241603258, 104.34565461475452, 39.624327816535285, 56.802648472217555, 73.9119055838019, 40.913342274837504, 41.2744548288521, 41.568779114092, 33.16795139719552, 31.34041229432554, 85.49488868126669, 43.28596049904814, 61.28046054579075, 109.68946436745145, 93.2765207567719, 28.7112630454177, 39.565266138234485], [39.91266035957945, 37.7846357309548, 28.43063693797029, 67.75759779468864, 69.23860217403852, 58.23933256983027, 58.92995377785121, 28.949103387656127, 53.25311905517461, 67.00102917762509, 24.70556596467399, 50.72140058534347, 51.82225621731544, 53.212553203388694, 70.31471880651362, 26.815980420320543, 30.955365718483982, 24.26264435967237, 0.0, 50.99189371680684, 81.85318335321294, 25.571045561757245, 75.5602970523547, 57.110883274085296, 57.04110795129412, 33.45090142338341, 48.76272395176626, 50.09763956740758, 50.16110753225712, 61.930462331690016, 58.46959749566705, 38.29395557490242, 85.90456940933414, 70.4620476575766, 4.64142526140043, 39.91266035957945], [41.62798448292296, 40.63624488920191, 44.891672220326804, 116.90821039373978, 55.650748449535016, 64.08232219930044, 44.99868248202461, 79.09268609893992, 90.7778428879051, 105.05575085775388, 63.22407158445091, 70.66344268203058, 45.07464052298447, 103.14511954562684, 112.90678589905262, 48.836004290319345, 81.53174965970089, 29.05441241603258, 50.99189371680684, 0.0, 123.85670474186229, 55.701336585043684, 59.47553772484556, 102.89244500031143, 51.87052278942436, 69.28972109146746, 62.17230359737122, 14.16533883615656, 9.442254012883623, 107.78388936956343, 55.00399894152555, 89.19693419005466, 136.7356879287444, 121.36729283450525, 54.78337543252538, 41.62798448292296], [86.93590493660568, 86.75996180674093, 79.43035245306123, 33.14162377784919, 101.37625941437896, 77.72680157798084, 140.6992420154364, 57.34058259258241, 33.546804983658184, 20.601958658321617, 95.12347279469279, 61.26463557096776, 133.33868538721435, 42.3073638399572, 11.540678784746579, 106.545784046076, 57.86626954879682, 104.34565461475452, 81.85318335321294, 123.85670474186229, 0.0, 68.15566451003346, 157.02217476850353, 90.81025315731621, 137.97460559104147, 100.73150228782409, 125.46024752774225, 115.51726009891024, 118.34592935220671, 22.707377862158832, 138.95865865604188, 63.54751912318689, 54.61748361953101, 62.85977329459527, 77.24784241497849, 86.93590493660568], [23.491659650645992, 22.221920623252178, 12.19094341635878, 65.01520205323095, 50.17630897482784, 34.22193965657928, 78.9467859852662, 33.649266228650504, 35.25796019164938, 49.655986137447975, 49.85421887419597, 25.164448965760222, 73.00370758021366, 53.59054816898619, 57.26616427337883, 51.30794741064852, 37.09398972927531, 39.624327816535285, 25.571045561757245, 55.701336585043684, 68.15566451003346, 0.0, 96.19401162083747, 75.88147512403994, 79.117202715